4.524775147438049316e-01 3.257114291191101074e-01 1.282456964254379272e-01 4.740227162837982178e-01 -3.381637930870056152e-01 1.629105210304260254e+00 -1.094002351164817810e-01 -9.356856942176818848e-01 2.418515980243682861e-01 -2.343205809593200684e-01 3.894374966621398926e-01 -6.777616739273071289e-01 -1.138540983200073242e+00 3.743029832839965820e-01 4.529578387737274170e-01 -5.101769231259822845e-03
5.338174104690551758e-01 5.912124514579772949e-01 -4.245097637176513672e-01 -9.423633664846420288e-02 7.182204127311706543e-01 5.720409750938415527e-01 8.185600042343139648e-01 -1.019469857215881348e+00 6.002410054206848145e-01 5.052984952926635742e-01 3.406627476215362549e-01 6.688317060470581055e-01 1.710701882839202881e-01 2.126207053661346436e-01 1.861492991447448730e+00 -7.550945281982421875e-01
8.725214600563049316e-01 -9.862607121467590332e-01 3.840330243110656738e-01 3.894746005535125732e-01 2.283975183963775635e-01 5.961978435516357422e-01 7.986884117126464844e-01 -2.506564259529113770e-01 1.112385392189025879e+00 -3.253307938575744629e-01 6.695386767387390137e-01 -2.284934759140014648e+00 4.229731559753417969e-01 -2.312998175621032715e-01 4.208951294422149658e-01 -5.726089477539062500e-01
8.373221755027770996e-01 -1.154052242636680603e-01 1.741465687751770020e+00 -3.267076909542083740e-01 1.028074979782104492e+00 4.313550889492034912e-01 6.884033083915710449e-01 -2.281502962112426758e+00 2.080110311508178711e+00 1.112331867218017578e+00 1.718891978263854980e+00 5.092646479606628418e-01 -1.374064445495605469e+00 1.674878001213073730e+00 1.786291480064392090e+00 -4.354982674121856689e-01
-8.107451796531677246e-01 5.458918809890747070e-01 -1.559009999036788940e-01 -9.584997892379760742e-01 1.036403104662895203e-01 3.818959593772888184e-01 1.311353892087936401e-01 2.254801839590072632e-01 -1.168798804283142090e+00 -5.707145929336547852e-01 5.831145495176315308e-02 -5.577329397201538086e-01 -1.882694244384765625e+00 -4.418055415153503418e-01 1.110847592353820801e+00 -1.710073649883270264e-01
6.106759905815124512e-01 3.699415445327758789e+00 -4.560621738433837891e+00 1.699116230010986328e-01 -1.034322619438171387e+00 1.981068491935729980e+00 -5.530196428298950195e-01 9.669555425643920898e-01 4.506126642227172852e-01 4.167913198471069336e-01 2.705233812332153320e+00 -6.483214497566223145e-01 -5.234226703643798828e+00 1.283394575119018555e+00 -7.404541373252868652e-01 7.181998491287231445e-01
1.379668593406677246e+00 1.650944471359252930e+00 -2.437409162521362305e+00 1.668026208877563477e+00 -2.664184570312500000e-01 1.878702998161315918e+00 -3.440880775451660156e-01 1.249072074890136719e+00 9.834288060665130615e-02 1.429738998413085938e+00 2.093550205230712891e+00 -1.489698737859725952e-01 -1.923708438873291016e+00 6.240224838256835938e-01 -8.319355249404907227e-01 2.172439098358154297e-01
-5.981456637382507324e-01 2.842963337898254395e-01 1.041658759117126465e+00 -1.368157625198364258e+00 1.965903401374816895e+00 -3.982650116086006165e-02 -2.910581529140472412e-01 9.931412935256958008e-01 -4.628770947456359863e-01 3.245469927787780762e-01 4.941956102848052979e-01 3.228257894515991211e-01 1.106426954269409180e+00 -2.054442644119262695e+00 5.941584706306457520e-01 -5.756437405943870544e-02
-3.158953428268432617e+00 2.015612363815307617e+00 9.155126214027404785e-01 -2.273781299591064453e+00 -1.473391294479370117e+00 6.597003340721130371e-01 -5.958021163940429688e+00 3.722955703735351562e+00 -5.998418807983398438e+00 7.791972756385803223e-01 1.342342138290405273e+00 5.991131663322448730e-01 2.335503578186035156e+00 -2.812151193618774414e+00 -1.874323487281799316e+00 1.231329321861267090e+00
-2.021705359220504761e-02 -1.943686127662658691e+00 -3.785149157047271729e-01 1.979725658893585205e-01 1.886224150657653809e-01 8.065754771232604980e-01 1.579884171485900879e+00 -1.033655881881713867e+00 -2.299162745475769043e-01 -4.615683555603027344e-01 7.877921462059020996e-01 -1.393610835075378418e+00 1.729228377342224121e+00 -3.305369913578033447e-01 1.201690554618835449e+00 -1.715717554092407227e+00
-2.170366287231445312e+00 1.753612041473388672e+00 1.832512021064758301e+00 9.069966673851013184e-01 2.166357785463333130e-01 -1.995633095502853394e-01 1.678697109222412109e+00 3.577064871788024902e-01 -1.641062736511230469e+00 2.888322174549102783e-01 1.150126457214355469e+00 -1.519247412681579590e+00 2.879008054733276367e+00 1.456521451473236084e-01 -2.527121007442474365e-01 -1.133535861968994141e+00
