8.290059566497802734e-01 3.027499020099639893e-01 4.509235918521881104e-02 1.040376782417297363e+00 1.276576370000839233e-01 7.789689302444458008e-01 -1.333074212074279785e+00 6.639487743377685547e-01 -8.903529644012451172e-01 4.572995603084564209e-01 6.231954693794250488e-01 2.294278740882873535e-01 -7.628530859947204590e-01 5.802769064903259277e-01 4.108851552009582520e-01 -2.330434322357177734e-01
8.715089559555053711e-01 3.732531666755676270e-01 8.209997415542602539e-01 -1.048551276326179504e-01 9.078138321638107300e-02 5.065995454788208008e-01 1.654969304800033569e-01 -6.343035101890563965e-01 8.251249194145202637e-01 4.693044126033782959e-01 1.499635934829711914e+00 -1.813302338123321533e-01 -1.292279481887817383e+00 -1.156808808445930481e-01 1.322093367576599121e+00 -2.764351963996887207e-01
2.426717281341552734e-01 3.617878556251525879e-01 7.853948473930358887e-01 5.347386598587036133e-01 -2.499029040336608887e-01 3.699950128793716431e-02 1.479780554771423340e+00 -2.519374191761016846e-01 1.328069090843200684e+00 -1.390831828117370605e+00 6.382887363433837891e-01 -2.252762079238891602e+00 4.491684138774871826e-01 -6.787040829658508301e-01 -1.400596022605895996e+00 -1.340658664703369141e-01
-2.644826658070087433e-02 -1.133588552474975586e+00 4.150398969650268555e-01 -5.989499092102050781e-01 1.158709526062011719e+00 1.190962314605712891e+00 -8.023267239332199097e-02 5.272077396512031555e-02 -3.156213760375976562e-01 9.647755622863769531e-01 8.512959480285644531e-01 9.295703470706939697e-02 -1.089770436286926270e+00 9.018858671188354492e-01 2.056430816650390625e+00 6.763624548912048340e-01
-2.290444821119308472e-01 -4.418401047587394714e-02 5.231073498725891113e-01 -5.054711103439331055e-01 6.815063357353210449e-01 4.895514622330665588e-02 -2.683800756931304932e-01 2.633996605873107910e-01 -1.454113006591796875e+00 -1.118405818939208984e+00 4.853641390800476074e-01 3.798145055770874023e-01 -1.769309401512145996e+00 -7.111465334892272949e-01 1.690246820449829102e+00 -3.306359797716140747e-02
9.844888001680374146e-02 2.488362550735473633e+00 -2.972843647003173828e+00 6.947781443595886230e-01 -7.637620568275451660e-01 1.980802416801452637e+00 -6.056577563285827637e-01 1.213705763220787048e-01 5.164434909820556641e-01 6.061815619468688965e-01 4.193985939025878906e+00 -1.309465765953063965e+00 -5.503290176391601562e+00 2.390814781188964844e+00 -3.386308848857879639e-01 2.841493189334869385e-01
1.105076909065246582e+00 4.923350214958190918e-01 -1.503742456436157227e+00 1.227919459342956543e+00 -6.296826899051666260e-02 1.592516183853149414e+00 -5.138138532638549805e-01 1.022073268890380859e+00 4.074022173881530762e-01 9.569684267044067383e-01 2.136001825332641602e+00 1.518971920013427734e-01 -2.945146322250366211e+00 1.087848901748657227e+00 -1.036712527275085449e+00 -9.998421370983123779e-02
-9.007236957550048828e-01 -2.621302604675292969e-01 9.742901921272277832e-01 -8.920478820800781250e-01 2.111601829528808594e+00 8.907122611999511719e-01 1.270579546689987183e-01 5.987887382507324219e-01 1.246410608291625977e-01 -1.060379967093467712e-01 -5.236192606389522552e-03 -4.891954362392425537e-01 1.449873566627502441e+00 9.278352558612823486e-02 3.430982232093811035e-01 -5.714333653450012207e-01
-1.956866264343261719e+00 2.739934206008911133e+00 1.449654698371887207e+00 -8.577811121940612793e-01 -6.975907683372497559e-01 1.687888145446777344e+00 -2.597692012786865234e+00 8.611344695091247559e-01 -2.673140048980712891e+00 7.923073768615722656e-01 6.506090867333114147e-04 -1.142895221710205078e+00 3.046969890594482422e+00 -3.032429933547973633e+00 1.645639538764953613e-01 1.124095082283020020e+00
3.324314355850219727e-01 -1.580349564552307129e+00 1.572554856538772583e-01 1.211160540580749512e+00 -4.882203042507171631e-01 3.509001433849334717e-01 6.874402761459350586e-01 -6.510920524597167969e-01 -7.605716586112976074e-01 -1.340464472770690918e+00 6.092984676361083984e-01 -5.609259009361267090e-01 2.238215446472167969e+00 -7.362734675407409668e-01 1.657867670059204102e+00 -1.029550194740295410e+00
-1.077567338943481445e+00 2.529474258422851562e+00 2.399846792221069336e+00 1.110269784927368164e+00 8.782161027193069458e-02 -1.533188074827194214e-01 1.112455248832702637e+00 9.875024110078811646e-02 -9.786103963851928711e-01 6.812230944633483887e-01 -2.195698320865631104e-01 -1.643553018569946289e+00 3.187776327133178711e+00 -5.810840725898742676e-01 9.215837717056274414e-01 -1.216850280761718750e+00
