1.584112048149108887e-01 -4.323335886001586914e-01 2.053983509540557861e-01 1.366647481918334961e-01 6.145462021231651306e-02 9.569476544857025146e-02 -6.380186080932617188e-01 -7.813593745231628418e-01 -8.739546686410903931e-02 -9.491275250911712646e-02 -3.052152507007122040e-02 9.849530458450317383e-01 -2.326397746801376343e-01 -1.021887898445129395e+00 6.707532703876495361e-02 1.036985516548156738e+00
-3.103764951229095459e-01 4.253095015883445740e-02 3.593670725822448730e-01 -7.059018611907958984e-01 -1.325997896492481232e-02 -1.224186345934867859e-01 2.106554508209228516e-01 3.013110160827636719e-01 -1.171633079648017883e-01 -4.993958473205566406e-01 -1.294222921133041382e-01 -6.719731539487838745e-02 1.788673996925354004e-01 -4.613356888294219971e-01 2.737875655293464661e-02 2.002748288214206696e-02
4.206945896148681641e-01 -2.238730937242507935e-01 -9.899785518646240234e-01 1.176573783159255981e-01 3.811338245868682861e-01 -1.229080706834793091e-01 3.807651698589324951e-01 -3.600518107414245605e-01 6.553333401679992676e-01 1.965174227952957153e-01 -2.090693116188049316e-01 6.717163324356079102e-01 2.059747427701950073e-01 -1.537683606147766113e-01 1.789752691984176636e-01 5.326287150382995605e-01
-2.888481877744197845e-02 1.055314540863037109e+00 2.071292549371719360e-01 -3.770138025283813477e-01 1.380130946636199951e-01 -4.299297556281089783e-02 -6.700703501701354980e-01 7.305002808570861816e-01 -2.096733152866363525e-01 -1.151063963770866394e-01 -7.593949139118194580e-02 6.656701564788818359e-01 -4.000051617622375488e-01 3.035235404968261719e-01 -2.529533579945564270e-02 -4.981665909290313721e-01
-1.477166861295700073e-01 -3.227720856666564941e-01 5.984407663345336914e-01 1.017882972955703735e-01 6.854955106973648071e-02 1.196186691522598267e-01 2.980639934539794922e-01 -8.845364451408386230e-01 -1.456631720066070557e-01 -1.541188508272171021e-01 -2.430891990661621094e-01 -3.892417550086975098e-01 1.145118549466133118e-01 -8.817613869905471802e-02 -5.713658332824707031e-01 -9.340759515762329102e-01
2.169464081525802612e-01 -1.122235804796218872e-01 5.415864586830139160e-01 -2.891989350318908691e-01 7.460674643516540527e-01 -5.868148207664489746e-01 3.180291354656219482e-01 1.286666870117187500e+00 -3.354561747983098030e-03 3.536413013935089111e-01 3.432392776012420654e-01 -4.096692800521850586e-01 3.899996280670166016e-01 -4.545148015022277832e-01 1.754556000232696533e-01 -1.710078477859497070e+00
4.079688712954521179e-02 -2.329362928867340088e-01 2.566888630390167236e-01 7.443777471780776978e-02 -6.151112914085388184e-02 -1.153929308056831360e-01 -6.466948986053466797e-01 -8.948861360549926758e-01 -2.280561774969100952e-01 1.529792509973049164e-02 -3.636084496974945068e-02 -5.279607772827148438e-01 -6.956647038459777832e-01 -4.352000355720520020e-01 3.695881739258766174e-02 3.709267675876617432e-01
4.417984560132026672e-02 4.295416176319122314e-01 3.190068006515502930e-01 4.328568577766418457e-01 -4.104146659374237061e-01 -3.474989235401153564e-01 -2.706529796123504639e-01 -8.373372554779052734e-01 2.324136793613433838e-01 -6.867762655019760132e-02 5.784574151039123535e-01 -4.718270003795623779e-01 1.785451322793960571e-01 -3.502145111560821533e-01 -1.820045709609985352e-01 7.239681482315063477e-01
2.797270752489566803e-02 5.387758016586303711e-01 -1.554114967584609985e-01 -3.597421348094940186e-01 -1.240036636590957642e-01 -2.947462201118469238e-01 2.991878986358642578e-01 3.000468909740447998e-01 -3.901008069515228271e-01 5.014591813087463379e-01 -3.506022095680236816e-01 -3.543944358825683594e-01 3.771038353443145752e-01 -2.581768929958343506e-01 1.876142472028732300e-01 -2.257484644651412964e-01
-3.822717070579528809e-01 -3.601707518100738525e-01 -3.164984285831451416e-01 -3.510988950729370117e-01 7.073943316936492920e-02 -4.018957912921905518e-02 2.645855247974395752e-01 4.473816156387329102e-01 -5.395246744155883789e-01 -8.775033354759216309e-01 -1.449921429157257080e-01 5.379389524459838867e-01 -6.247768402099609375e-01 2.155293338000774384e-02 6.330319046974182129e-01 1.133080482482910156e+00
1.775020151399075985e-03 7.457950711250305176e-01 -1.222731247544288635e-01 1.682421863079071045e-01 -2.644363641738891602e-01 -2.890448570251464844e-01 -1.841485053300857544e-01 -9.620019197463989258e-01 1.267834659665822983e-02 2.023768872022628784e-01 -5.655841231346130371e-01 3.303134739398956299e-01 9.476513415575027466e-02 2.383405268192291260e-01 1.675542891025543213e-01 1.316561400890350342e-01
-1.827267557382583618e-01 -2.644584774971008301e-01 -8.543751239776611328e-01 -1.276262104511260986e-01 3.742772638797760010e-01 1.291766613721847534e-01 -2.632057964801788330e-01 -5.209642052650451660e-01 1.897284835577011108e-01 7.440685033798217773e-01 -6.161295175552368164e-01 -3.061690032482147217e-01 3.068244159221649170e-01 -3.542492687702178955e-01 -2.691691517829895020e-01 -6.391029357910156250e-01
4.920881390571594238e-01 -2.356978505849838257e-01 2.145096287131309509e-02 -5.568248033523559570e-01 9.703804850578308105e-01 -7.077026180922985077e-03 -3.175141811370849609e-01 -7.069092988967895508e-01 1.958916932344436646e-01 6.496520042419433594e-01 2.565516829490661621e-01 -4.156169891357421875e-01 -2.798854410648345947e-01 1.063754484057426453e-01 -1.104139722883701324e-02 3.371322751045227051e-01
5.003663897514343262e-01 1.833172589540481567e-01 6.945288926362991333e-02 -3.076553940773010254e-01 1.151189580559730530e-01 -5.514680407941341400e-03 4.117335081100463867e-01 3.805182576179504395e-01 -2.473458833992481232e-02 -4.501646459102630615e-01 4.651186764240264893e-01 -5.099546909332275391e-01 -2.090549282729625702e-02 -3.058918118476867676e-01 -2.738519906997680664e-01 4.584475159645080566e-01
5.014111995697021484e-01 -1.088375896215438843e-01 -5.115046501159667969e-01 1.898855566978454590e-01 1.790994554758071899e-01 -2.208124548196792603e-01 -1.103303954005241394e-02 -6.952770799398422241e-02 -6.138192489743232727e-02 9.364106059074401855e-01 9.659212082624435425e-02 1.293177455663681030e-01 2.826291918754577637e-01 3.971319794654846191e-01 -4.660465121269226074e-01 -1.891961693763732910e-01
-4.092442393302917480e-01 -7.208754308521747589e-03 -1.144010424613952637e-01 -1.653771698474884033e-01 1.220643639564514160e+00 3.508577644824981689e-01 -1.635215431451797485e-01 -5.944921970367431641e-01 1.534349471330642700e-01 4.985685050487518311e-01 -2.677964605391025543e-02 1.281042769551277161e-02 -1.847948282957077026e-01 -1.596536785364151001e-01 5.580774545669555664e-01 1.520512998104095459e-01
