7.442268133163452148e-01 -9.573078155517578125e-01 4.573420584201812744e-01 1.881802380084991455e-01 -7.298755049705505371e-01 3.155271708965301514e-01 6.124139428138732910e-01 1.446541491895914078e-02 1.939413398504257202e-01 -8.200146555900573730e-01 9.467633962631225586e-01 7.165391445159912109e-01 6.201892718672752380e-02 -4.042744636535644531e-01 -5.364485383033752441e-01 2.011974304914474487e-01
-3.716526925563812256e-02 4.208207428455352783e-01 4.861507415771484375e-01 1.305328130722045898e+00 -1.482245512306690216e-02 9.248634427785873413e-02 -3.579476475715637207e-01 -6.321391463279724121e-01 1.305343389511108398e+00 -4.107618033885955811e-01 5.897801518440246582e-01 -1.012297630310058594e+00 -3.681502044200897217e-01 8.988757133483886719e-01 6.391869783401489258e-01 9.787260740995407104e-02
4.692851603031158447e-01 -4.272291064262390137e-01 1.067088007926940918e+00 1.981919258832931519e-02 3.453792929649353027e-01 -1.000904440879821777e+00 1.072117328643798828e+00 1.200897574424743652e+00 -6.972692161798477173e-02 5.987109541893005371e-01 -3.774771988391876221e-01 -2.385381609201431274e-01 2.376277595758438110e-01 -1.288202524185180664e+00 -1.360986530780792236e-01 4.835110008716583252e-01
-5.558804273605346680e-01 -3.102835714817047119e-01 -4.355337023735046387e-01 7.130078077316284180e-01 -1.022011160850524902e+00 1.447447389364242554e-01 -7.567983865737915039e-01 4.831424057483673096e-01 -8.604185581207275391e-01 6.700105667114257812e-01 -2.756102383136749268e-01 1.567704379558563232e-01 -2.044695466756820679e-01 7.806438207626342773e-01 -2.323474138975143433e-01 -3.070256710052490234e-01
7.577770352363586426e-01 -2.138655632734298706e-01 1.418139487504959106e-01 -1.399670600891113281e+00 6.175940111279487610e-02 1.325730085372924805e+00 -3.639254271984100342e-01 1.775958240032196045e-01 1.573208421468734741e-01 4.715913236141204834e-01 8.953914046287536621e-01 -3.752072155475616455e-02 -4.068497121334075928e-01 8.091302514076232910e-01 1.561256051063537598e-01 1.570749580860137939e-01
4.795927554368972778e-02 -3.626662120223045349e-02 -9.413985610008239746e-01 7.151196599006652832e-01 1.074414730072021484e+00 1.801902800798416138e-01 -2.411627620458602905e-01 5.495218187570571899e-02 6.000614762306213379e-01 -3.317065536975860596e-01 1.563369333744049072e-01 -7.107017040252685547e-01 5.472584813833236694e-02 3.788317739963531494e-01 -5.203156471252441406e-01 5.580068230628967285e-01
1.228331774473190308e-01 -6.482397019863128662e-02 1.334130644798278809e+00 -7.531864643096923828e-01 -7.742481827735900879e-01 -8.939776569604873657e-02 7.399955391883850098e-01 7.478458285331726074e-01 8.305968046188354492e-01 -9.839849472045898438e-01 1.265390038490295410e+00 2.902089953422546387e-01 1.128528237342834473e+00 -3.031257390975952148e-01 2.132507413625717163e-02 -6.565905362367630005e-02
4.297851324081420898e-01 7.060656547546386719e-01 -8.174962997436523438e-01 -6.656739711761474609e-01 5.485342144966125488e-01 1.299617462791502476e-03 -2.884627580642700195e-01 5.009275674819946289e-01 -1.293005704879760742e+00 -6.514083743095397949e-01 -4.843929111957550049e-01 -1.185100555419921875e+00 1.389025330543518066e+00 -1.561570048332214355e+00 2.920963168144226074e-01 6.525284647941589355e-01
-2.356965988874435425e-01 -2.933168113231658936e-01 -1.641516327857971191e+00 1.525501132011413574e+00 -1.764819622039794922e-01 7.289829254150390625e-01 -3.230372071266174316e-01 -6.734828650951385498e-02 -2.106471173465251923e-02 1.232112526893615723e+00 -1.412133872509002686e-01 -9.081653952598571777e-01 -1.184346154332160950e-01 2.873599827289581299e-01 1.917329728603363037e-01 -1.748557984828948975e-01
-8.077732324600219727e-01 8.141233325004577637e-01 8.087847828865051270e-01 2.512027025222778320e-01 -4.922516047954559326e-01 -4.544971883296966553e-01 7.174289822578430176e-01 -3.912603110074996948e-02 7.644361257553100586e-01 -6.216515898704528809e-01 6.859119236469268799e-02 -3.433553278446197510e-01 4.284911453723907471e-01 4.791584610939025879e-01 6.892798468470573425e-03 -6.117549538612365723e-02
-2.177643328905105591e-01 -2.544268369674682617e-01 -2.292620837688446045e-01 -4.812027215957641602e-01 -9.704295396804809570e-01 1.111720278859138489e-01 -3.158687353134155273e-01 8.573137521743774414e-01 -3.028951287269592285e-01 -7.284420132637023926e-01 -2.212144583463668823e-01 6.894732117652893066e-01 2.089958339929580688e-01 -6.109110265970230103e-02 -4.876792803406715393e-02 3.651662170886993408e-01
1.163237214088439941e+00 -1.701516509056091309e+00 1.466083992272615433e-02 -5.070495605468750000e-01 -3.580831885337829590e-01 1.376408696174621582e+00 -7.437730431556701660e-01 -2.132946997880935669e-01 1.087621212005615234e+00 -1.236160919070243835e-01 2.467125803232192993e-01 5.266734957695007324e-02 -8.131615519523620605e-01 7.687691450119018555e-01 6.637826561927795410e-01 -3.560079932212829590e-01
5.963675379753112793e-01 -1.698378801345825195e+00 -9.392376542091369629e-01 -9.737666845321655273e-01 1.661112010478973389e-01 5.008293986320495605e-01 -8.828908205032348633e-01 3.305949568748474121e-01 6.358067393302917480e-01 1.312775254249572754e+00 -9.997909516096115112e-02 -2.307727485895156860e-01 9.529340267181396484e-01 -1.691370010375976562e+00 4.386501759290695190e-02 5.221536755561828613e-01
1.028361022472381592e-01 1.510067731142044067e-01 -1.888567805290222168e+00 4.452684223651885986e-01 -3.868727982044219971e-01 -4.274049699306488037e-01 -5.721955895423889160e-01 -4.494243860244750977e-01 -3.650666177272796631e-01 6.216926574707031250e-01 -4.512633681297302246e-01 -9.789626002311706543e-01 6.892772316932678223e-01 -3.692454695701599121e-01 2.599144577980041504e-01 8.768157660961151123e-02
6.007328033447265625e-01 -7.929835468530654907e-02 4.114882051944732666e-01 1.469483673572540283e-01 6.924659609794616699e-01 -2.712975144386291504e-01 2.379238903522491455e-01 -6.496694087982177734e-01 -3.332951664924621582e-01 4.381671845912933350e-01 -6.630439162254333496e-01 -5.263091325759887695e-01 -2.617733478546142578e-01 2.000394463539123535e-01 -2.699036300182342529e-01 5.819493532180786133e-01
9.059946537017822266e-01 -5.618042349815368652e-01 4.881436824798583984e-01 8.152640461921691895e-01 1.616116464138031006e-01 -3.880095481872558594e-02 -3.884001672267913818e-01 -1.324157714843750000e-01 1.475450754165649414e+00 5.796068906784057617e-01 4.666845202445983887e-01 9.980224370956420898e-01 -9.486954808235168457e-01 1.123946189880371094e+00 6.443046331405639648e-01 -3.167669475078582764e-01
