7.246431708335876465e-01 -8.058683872222900391e-01 2.969885468482971191e-01 3.638007640838623047e-01 -5.661332607269287109e-01 -2.355201840400695801e-01 4.405469000339508057e-01 -2.834575176239013672e-01 5.165975689888000488e-01 -3.026216030120849609e-01 8.363835811614990234e-01 5.085239410400390625e-01 1.534024924039840698e-01 -7.627275586128234863e-01 -3.985012471675872803e-01 6.280595436692237854e-03
8.862376809120178223e-01 1.725465804338455200e-01 2.532115280628204346e-01 9.923831224441528320e-01 -9.328858926892280579e-03 -6.369081139564514160e-02 -5.609047412872314453e-02 1.342145204544067383e-01 1.374809145927429199e+00 -1.940814256668090820e-01 5.648838281631469727e-01 -2.513619363307952881e-01 -3.672465085983276367e-01 1.500055670738220215e+00 4.135402739048004150e-01 -2.790903151035308838e-01
3.176605403423309326e-01 2.359579056501388550e-01 4.639530777931213379e-01 -4.037643671035766602e-01 4.809485375881195068e-01 -9.302090406417846680e-01 9.199413657188415527e-01 5.393067002296447754e-01 -1.540602650493383408e-02 2.891745269298553467e-01 -1.386776804924011230e+00 9.023351669311523438e-01 3.921877965331077576e-02 8.333574533462524414e-01 -5.432035326957702637e-01 4.713403284549713135e-01
-1.305516362190246582e-01 -4.451810419559478760e-01 -4.755116105079650879e-01 3.501408696174621582e-01 -5.136227011680603027e-01 2.616823315620422363e-01 -3.211441338062286377e-01 -4.266359657049179077e-02 -7.769912481307983398e-01 5.415972471237182617e-01 9.284314699470996857e-03 3.952620178461074829e-02 3.683340251445770264e-01 -1.275314390659332275e-01 7.540723681449890137e-01 -5.333583950996398926e-01
-3.828926384449005127e-01 1.763154566287994385e-01 -3.243608474731445312e-01 -1.108344674110412598e+00 1.304986625909805298e-01 7.078026533126831055e-01 -2.235783189535140991e-01 -7.725312709808349609e-01 8.458818197250366211e-01 -6.440237760543823242e-01 2.077216863632202148e+00 -3.723199665546417236e-02 -9.485709667205810547e-01 3.171923756599426270e-01 -2.614374086260795593e-02 -5.012041330337524414e-01
-5.590803548693656921e-02 5.113818645477294922e-01 -2.511348724365234375e-01 1.872869431972503662e-01 6.830917596817016602e-01 1.535462290048599243e-01 -2.899577021598815918e-01 1.732672303915023804e-01 -7.895960211753845215e-01 -5.075281262397766113e-01 2.581098973751068115e-01 -7.218545079231262207e-01 -2.828849852085113525e-01 5.606667995452880859e-01 -8.165079951286315918e-01 1.677362620830535889e-01
8.896542340517044067e-02 -3.291576728224754333e-02 1.318155080080032349e-01 -8.989039063453674316e-01 -4.279184043407440186e-01 1.027354598045349121e+00 7.750945538282394409e-02 -1.551211625337600708e-01 7.736047506332397461e-01 -5.780002474784851074e-01 1.553584337234497070e+00 -2.198700606822967529e-01 2.465302348136901855e-01 4.340704381465911865e-01 -4.308073967695236206e-02 2.270401120185852051e-01
-4.295953214168548584e-01 3.910824358463287354e-01 -6.324379444122314453e-01 -1.091613292694091797e+00 9.681176543235778809e-01 -5.871394276618957520e-01 -2.081975787878036499e-01 8.819813132286071777e-01 -9.409218430519104004e-01 -7.669306993484497070e-01 -1.391189336776733398e+00 -1.180234551429748535e+00 1.420132637023925781e+00 -1.203215360641479492e+00 1.924548856914043427e-02 7.687418460845947266e-01
-4.016543626785278320e-01 -4.231012761592864990e-01 -6.032585501670837402e-01 4.374695420265197754e-01 -3.028668761253356934e-01 -1.020475998520851135e-01 -3.986525237560272217e-01 4.724441766738891602e-01 -5.204988121986389160e-01 1.319366693496704102e+00 -3.444527043029665947e-03 -6.674996614456176758e-01 -1.247503399848937988e+00 -1.273848265409469604e-01 -7.274643778800964355e-01 -3.409426510334014893e-01
2.159363627433776855e-01 -4.784250259399414062e-01 7.503326535224914551e-01 1.049992680549621582e+00 -3.011431396007537842e-01 1.421350687742233276e-01 3.487766087055206299e-01 -1.414732336997985840e-01 -9.221339225769042969e-02 6.311954855918884277e-01 -2.069770097732543945e-01 2.783373594284057617e-01 8.648178577423095703e-01 -3.539595007896423340e-01 -3.264885842800140381e-01 -2.746633589267730713e-01
-1.589546948671340942e-01 6.870816946029663086e-01 -1.307296007871627808e-02 -4.289963543415069580e-01 -2.968257665634155273e-01 5.555357933044433594e-01 4.702098369598388672e-01 -2.024858742952346802e-01 2.969785630702972412e-01 -5.017589330673217773e-01 -1.465987563133239746e-01 6.035159230232238770e-01 -9.934552758932113647e-02 -1.631824225187301636e-01 -4.884279966354370117e-01 -1.569087058305740356e-01
1.147693157196044922e+00 -1.051998138427734375e+00 -1.588276028633117676e-01 -1.462260335683822632e-01 2.519339323043823242e-01 9.666255712509155273e-01 -1.195452690124511719e+00 -8.935185074806213379e-01 8.017051815986633301e-01 -5.155661106109619141e-01 2.213807582855224609e+00 -5.083522573113441467e-02 -1.202105998992919922e+00 3.802912533283233643e-01 3.572537600994110107e-01 -6.269810199737548828e-01
6.376322358846664429e-02 -1.223333954811096191e+00 -6.967584043741226196e-02 -4.396527111530303955e-01 -3.851760327816009521e-01 3.543770015239715576e-01 -1.176955699920654297e+00 -2.664009332656860352e-01 2.513442337512969971e-01 1.089156150817871094e+00 3.979707360267639160e-01 2.696362435817718506e-01 -1.193229794502258301e+00 -4.801606535911560059e-01 -5.164241194725036621e-01 3.593982458114624023e-01
-1.040404364466667175e-01 2.649959921836853027e-01 -9.019827246665954590e-01 3.461635708808898926e-01 -1.807045489549636841e-01 -2.482868880033493042e-01 -8.029904961585998535e-01 6.664547920227050781e-01 -9.083141684532165527e-01 1.409634798765182495e-01 -5.670409798622131348e-01 4.631481692194938660e-02 1.318362236022949219e+00 -5.873358249664306641e-01 1.131679192185401917e-01 8.779247403144836426e-01
2.451749593019485474e-01 1.119736209511756897e-01 -3.881716728210449219e-01 -3.514898717403411865e-01 2.126852124929428101e-01 -6.720178127288818359e-01 -2.410894930362701416e-01 9.893618524074554443e-02 -1.469044804573059082e+00 5.258097313344478607e-03 -8.154969811439514160e-01 -6.114964559674263000e-02 -5.962851047515869141e-01 -1.979736089706420898e-01 -6.129627674818038940e-02 -2.126714587211608887e-01
1.784290373325347900e-01 -1.660226136445999146e-01 3.045734576880931854e-02 4.377767145633697510e-01 -2.779018878936767578e-01 3.823660016059875488e-01 8.396340161561965942e-02 -3.163959383964538574e-01 1.369323968887329102e+00 5.591104179620742798e-02 1.252703428268432617e+00 4.156290590763092041e-01 -7.962347269058227539e-01 2.039881795644760132e-02 5.504675954580307007e-02 -1.563424617052078247e-01
