1.478576213121414185e-01 -7.856374382972717285e-01 -2.390095144510269165e-01 -4.508943557739257812e-01 -3.064413666725158691e-01 1.540668755769729614e-01 -3.332413733005523682e-01 -7.724653929471969604e-02 -2.920928001403808594e-01 7.423797249794006348e-01 -5.824485421180725098e-01 5.737174749374389648e-01 -6.941857933998107910e-01 -5.534921288490295410e-01 3.892584145069122314e-01 -3.569321632385253906e-01
-3.909178376197814941e-01 5.617605447769165039e-01 7.199288159608840942e-02 -4.606979787349700928e-01 -4.154995083808898926e-01 4.042996764183044434e-01 2.688798494637012482e-02 6.352842450141906738e-01 1.464185267686843872e-01 -1.315746158361434937e-01 5.336812734603881836e-01 8.673561215400695801e-01 -2.654396891593933105e-01 2.653909027576446533e-01 5.853821337223052979e-02 3.620382547378540039e-01
8.131594657897949219e-01 -4.687435626983642578e-01 2.855976670980453491e-02 -3.403587639331817627e-01 5.233358740806579590e-01 -1.991826593875885010e-01 6.749382019042968750e-01 1.379911303520202637e-01 6.562691181898117065e-02 8.842918872833251953e-01 -2.724140882492065430e-01 4.716554284095764160e-01 -6.288179159164428711e-01 1.271316707134246826e-01 -6.392597556114196777e-01 4.633171558380126953e-01
5.200030803680419922e-01 1.919771879911422729e-01 -2.324624918401241302e-02 5.141986608505249023e-01 -9.626259207725524902e-01 -1.434344887733459473e+00 -5.915575623512268066e-01 -6.651878952980041504e-01 -5.286524891853332520e-01 1.166497707366943359e+00 -1.456517875194549561e-01 -1.273004293441772461e+00 2.041602849960327148e+00 -3.886642456054687500e-01 2.402543090283870697e-02 -5.699489712715148926e-01
-1.185008168220520020e+00 8.375004678964614868e-02 -3.960303664207458496e-01 -7.701983451843261719e-01 -1.371355950832366943e-01 1.020383954048156738e+00 3.880310952663421631e-01 -3.170939385890960693e-01 -1.329812128096818924e-02 -1.049180507659912109e+00 1.140255570411682129e+00 4.127804040908813477e-01 -6.022303104400634766e-01 4.340654015541076660e-01 -1.930545121431350708e-01 1.603449285030364990e-01
1.933816969394683838e-01 1.251085638999938965e+00 -3.391512632369995117e-01 -9.427272081375122070e-01 7.633689641952514648e-01 6.763970255851745605e-01 4.903426170349121094e-01 -5.523830652236938477e-01 1.177682057023048401e-01 1.213808637112379074e-02 2.183637320995330811e-01 -3.462426736950874329e-02 -1.667462438344955444e-01 3.976524174213409424e-01 -4.784701764583587646e-01 -3.825330436229705811e-01
3.337097465991973877e-01 -4.039484262466430664e-01 -9.676038622856140137e-01 -3.238176703453063965e-01 4.191818833351135254e-02 3.226777166128158569e-02 -1.030171439051628113e-01 7.719512581825256348e-01 2.695693671703338623e-01 -1.657632887363433838e-01 -2.282745689153671265e-01 -3.143907189369201660e-01 -8.316835761070251465e-01 2.675440013408660889e-01 1.445062160491943359e-01 1.555600911378860474e-01
-4.787769615650177002e-01 4.394106268882751465e-01 1.625839114189147949e+00 -1.911552995443344116e-01 1.497188657522201538e-01 -2.215447574853897095e-01 2.277236878871917725e-01 1.893197372555732727e-02 -2.833283245563507080e-01 -1.630876302719116211e+00 -7.011213153600692749e-02 -1.129280403256416321e-01 5.710479337722063065e-03 3.165474534034729004e-02 -4.297826290130615234e-01 1.714654415845870972e-01
-7.834284007549285889e-02 3.261783421039581299e-01 4.350635409355163574e-01 -5.676851868629455566e-01 -7.220671176910400391e-01 2.906855046749114990e-01 5.958376526832580566e-01 -2.801600694656372070e-01 -2.388579398393630981e-01 -1.157295554876327515e-01 3.690382242202758789e-01 -4.241340793669223785e-03 1.069393634796142578e+00 -7.611920833587646484e-01 7.872841358184814453e-01 1.147512113675475121e-03
8.260119557380676270e-01 -2.855803072452545166e-01 -1.607222110033035278e-01 9.550023078918457031e-01 -2.887659370899200439e-01 -1.027772054076194763e-01 -4.951699674129486084e-01 3.177556991577148438e-01 -7.333538532257080078e-01 3.736187219619750977e-01 -3.638968765735626221e-01 5.584731101989746094e-01 3.844449520111083984e-01 -1.202623009681701660e+00 4.694812297821044922e-01 -4.573833197355270386e-02
-5.968877673149108887e-01 -4.104078114032745361e-01 -1.903897672891616821e-01 2.227026969194412231e-01 -1.012249663472175598e-01 1.570181101560592651e-01 -5.718284845352172852e-02 1.389275342226028442e-01 3.349744379520416260e-01 6.784849166870117188e-01 2.204609066247940063e-01 -5.696439146995544434e-01 1.153376817703247070e+00 9.706211090087890625e-02 2.780843377113342285e-01 7.161825895309448242e-01
3.562876880168914795e-01 -7.479307651519775391e-01 1.227928176522254944e-01 -8.588930368423461914e-01 4.521087706089019775e-01 2.417763024568557739e-01 -1.306298226118087769e-01 -1.224821358919143677e-01 -7.925850152969360352e-01 -7.557120323181152344e-01 2.692238390445709229e-01 -1.564705222845077515e-01 -1.184265851974487305e+00 -6.032646298408508301e-01 -3.766364157199859619e-01 2.422180026769638062e-01
-2.122825384140014648e-01 -2.020384818315505981e-01 -9.552498906850814819e-02 -1.492489457130432129e+00 6.653553843498229980e-01 9.068842530250549316e-01 -6.738211214542388916e-02 2.081127911806106567e-01 -1.853730529546737671e-01 -2.409880608320236206e-01 5.233277082443237305e-01 7.870056033134460449e-01 -1.255088090896606445e+00 -5.404704809188842773e-01 2.414338588714599609e-01 7.536451220512390137e-01
4.253840446472167969e-01 3.196377158164978027e-01 5.350748300552368164e-01 -4.741829931735992432e-01 -6.498882174491882324e-01 5.297093391418457031e-01 -2.629444003105163574e-01 -2.205019146203994751e-01 7.715250551700592041e-02 -4.330538809299468994e-01 -2.486004233360290527e-01 8.845993131399154663e-02 -6.768101453781127930e-02 -6.891005635261535645e-01 -5.218874812126159668e-01 4.940891265869140625e-01
-2.968588173389434814e-01 3.829993009567260742e-01 -1.736302860081195831e-02 -6.118158698081970215e-01 4.921538531780242920e-01 -3.050489425659179688e-01 6.350659579038619995e-02 -1.747457236051559448e-01 -6.510704290121793747e-03 -3.289638087153434753e-03 5.627754926681518555e-01 3.463195264339447021e-02 2.418385446071624756e-01 -1.613909602165222168e-01 -1.486946456134319305e-02 -1.883414238691329956e-01
6.087166666984558105e-01 -6.278975605964660645e-01 -7.989715933799743652e-01 -8.072901368141174316e-01 -4.655777513980865479e-01 2.996694445610046387e-01 1.679787188768386841e-01 5.911413431167602539e-01 -2.187009006738662720e-01 3.934048488736152649e-02 1.470753997564315796e-01 5.879140645265579224e-02 -3.008622527122497559e-01 -8.232164978981018066e-01 -4.875690639019012451e-01 -3.930708765983581543e-01
