1.061644196510314941e+00 1.217773437500000000e+00 -3.120582103729248047e-01 -1.910518258810043335e-01 -5.665482878684997559e-01 3.516745865345001221e-01 2.303523719310760498e-01 -6.287954449653625488e-01 -2.850862145423889160e-01 4.389332234859466553e-01 -1.767761409282684326e-01 -1.481308694928884506e-02 -1.188881322741508484e-01 3.757450282573699951e-01 -7.650943100452423096e-02 5.466237664222717285e-01
2.190021723508834839e-01 -1.672533154487609863e-01 -5.729112029075622559e-01 -3.398714065551757812e-01 6.772810220718383789e-01 -1.666984856128692627e-01 3.443646728992462158e-01 -6.648658514022827148e-01 -8.733183890581130981e-02 -4.510827958583831787e-01 -3.421694636344909668e-01 6.897206306457519531e-01 -1.904262788593769073e-02 3.689308762550354004e-01 -8.859165012836456299e-02 8.227857202291488647e-02
-7.202224731445312500e-01 1.462689191102981567e-01 1.019257783889770508e+00 -9.470755457878112793e-01 9.838663935661315918e-01 2.030217051506042480e-01 6.754057854413986206e-02 -1.598950922489166260e-01 -5.797706246376037598e-01 -9.504186511039733887e-01 1.434205532073974609e+00 -6.943412423133850098e-01 -1.460170745849609375e-02 -2.332374334335327148e+00 5.555421113967895508e-01 -3.934565782546997070e-01
3.983502984046936035e-01 -1.363899946212768555e+00 -7.311593741178512573e-02 7.650103420019149780e-02 -4.920638203620910645e-01 -2.802344039082527161e-02 7.875038981437683105e-01 -7.630053162574768066e-01 1.510576754808425903e-01 9.683994054794311523e-01 -3.243435323238372803e-01 9.364223480224609375e-01 1.005982041358947754e+00 5.521406531333923340e-01 -2.175351381301879883e+00 -6.599315404891967773e-01
-2.419303506612777710e-01 2.303794622421264648e+00 -1.464574098587036133e+00 1.440699338912963867e+00 -6.683303415775299072e-02 4.100976586341857910e-01 8.970294594764709473e-01 -1.061360955238342285e+00 2.747830748558044434e-01 2.004840135574340820e+00 -1.301428228616714478e-01 -1.270999945700168610e-02 -3.221338391304016113e-01 2.658579051494598389e-01 -3.588126182556152344e+00 8.880726099014282227e-01
4.471769928932189941e-01 -2.209709405899047852e+00 4.007147312164306641e+00 -1.135332226753234863e+00 -6.448928117752075195e-01 -1.977909922599792480e+00 -4.332097768783569336e-01 1.483484387397766113e+00 3.878338038921356201e-01 -2.239032506942749023e+00 2.503443717956542969e+00 8.574118465185165405e-02 5.025569438934326172e+00 -1.327532410621643066e+00 2.471410274505615234e+00 -7.361512780189514160e-01
2.139124631881713867e+00 -2.376105546951293945e+00 2.506702661514282227e+00 -6.152476072311401367e-01 7.674206048250198364e-02 -1.451612472534179688e+00 -4.520787298679351807e-01 1.892177462577819824e-01 -2.860837802290916443e-02 -8.688425421714782715e-01 9.820349812507629395e-01 1.145322084426879883e+00 2.443727254867553711e+00 -7.397794723510742188e-01 1.137593746185302734e+00 -8.291450738906860352e-01
5.563623309135437012e-01 1.012872695922851562e+00 -2.174453496932983398e+00 -6.218988895416259766e-01 2.122746944427490234e+00 1.943965911865234375e+00 5.777719020843505859e-01 -6.529283523559570312e-01 -4.022575318813323975e-01 5.990212559700012207e-01 -1.506211280822753906e+00 -8.173226118087768555e-01 -1.842606663703918457e+00 -9.544814825057983398e-01 -1.698393225669860840e+00 -9.727669954299926758e-01
-2.624444007873535156e+00 -3.475211933255195618e-02 -1.359273314476013184e+00 4.128139972686767578e+00 -9.743097424507141113e-01 3.701684951782226562e+00 -3.451995611190795898e+00 3.783426582813262939e-01 5.409371376037597656e+00 -9.809784293174743652e-01 -1.874268651008605957e+00 1.000653147697448730e+00 -2.148468017578125000e+00 9.974361658096313477e-01 2.479775428771972656e+00 3.496542274951934814e-01
1.073420792818069458e-01 -5.229136943817138672e-01 7.866589426994323730e-01 -3.443125486373901367e-01 -4.519847035408020020e-01 -3.670754671096801758e+00 1.166859745979309082e+00 3.927376568317413330e-01 -1.246659517288208008e+00 6.476822495460510254e-01 1.667575120925903320e+00 -4.705680310726165771e-01 9.225879907608032227e-01 -8.551026582717895508e-01 -1.052732229232788086e+00 -2.367619425058364868e-01
9.147503376007080078e-01 -1.209226250648498535e+00 1.354315578937530518e-01 6.125092133879661560e-02 4.998455643653869629e-01 -1.311305761337280273e-01 1.381807923316955566e+00 1.204030588269233704e-01 -1.071717739105224609e+00 -6.487102508544921875e-01 2.889943718910217285e-01 -9.971706271171569824e-01 -1.054211497306823730e+00 -8.004078269004821777e-01 -4.827280640602111816e-01 -9.069210886955261230e-01
