-1.178013607859611511e-01 -6.932323575019836426e-01 -3.677855730056762695e-01 -5.825873017311096191e-01 -8.854697346687316895e-01 3.787387907505035400e-02 -2.105428576469421387e-01 4.626662731170654297e-01 -4.340090975165367126e-02 1.531337350606918335e-01 -2.257043123245239258e-02 -1.986201405525207520e-01 -1.119373798370361328e+00 -7.328667044639587402e-01 -3.059771955013275146e-01 -2.405302822589874268e-01
-5.400674343109130859e-01 -2.744527757167816162e-01 -1.587108671665191650e-01 -8.513059020042419434e-01 5.243220329284667969e-01 -2.247965931892395020e-01 -3.479037284851074219e-01 8.712288737297058105e-02 -6.733899712562561035e-01 -1.201829433441162109e+00 -2.681173086166381836e-01 2.919498980045318604e-01 5.648247003555297852e-01 -6.547530293464660645e-01 -6.132211908698081970e-02 -1.777034103870391846e-01
6.532635688781738281e-01 -1.013572812080383301e+00 -7.532052397727966309e-01 -3.278855979442596436e-01 4.795675873756408691e-01 4.586883783340454102e-01 5.722790360450744629e-01 -4.560654759407043457e-01 -1.610242128372192383e-01 2.622433602809906006e-01 -9.220942258834838867e-01 -1.159282922744750977e+00 3.946913406252861023e-02 1.084139347076416016e+00 -8.202945441007614136e-02 -8.928061127662658691e-01
2.677329182624816895e-01 4.208745658397674561e-01 7.441295683383941650e-02 -4.641647636890411377e-01 -4.939656257629394531e-01 7.107020020484924316e-01 7.783445119857788086e-01 2.688966989517211914e-01 7.806043624877929688e-01 2.879151701927185059e-01 1.626378536224365234e+00 1.063991785049438477e+00 -3.123428225517272949e-01 8.786593563854694366e-03 9.183750152587890625e-01 -5.817817449569702148e-01
-1.512143373489379883e+00 8.735246658325195312e-01 -2.810481488704681396e-01 -5.093122720718383789e-01 -2.201275527477264404e-01 -1.425257623195648193e-01 -8.134173750877380371e-01 4.030222594738006592e-01 -3.141307532787322998e-01 1.841034740209579468e-01 -6.591855883598327637e-01 -7.601531147956848145e-01 -1.191420674324035645e+00 -1.852905303239822388e-01 -1.395992487668991089e-01 -3.777691423892974854e-01
3.098759055137634277e-01 -2.817509174346923828e-01 -1.358215689659118652e+00 -9.189586639404296875e-01 -4.126884341239929199e-01 -7.424363493919372559e-02 -1.333577036857604980e+00 5.221310853958129883e-01 -1.023961067199707031e+00 1.941008865833282471e-01 -8.548127412796020508e-01 5.519547462463378906e-01 -8.111976385116577148e-01 -1.448187112808227539e+00 -5.534411072731018066e-01 8.335207700729370117e-01
3.821377456188201904e-01 -6.073977947235107422e-01 -1.396474242210388184e+00 -1.207378983497619629e+00 1.336749345064163208e-01 -1.677572727203369141e-01 -9.804787039756774902e-01 6.084347367286682129e-01 -1.169563174247741699e+00 5.346692800521850586e-01 -5.943032503128051758e-01 1.204359650611877441e+00 -8.745588064193725586e-01 -1.630771636962890625e+00 -1.313841789960861206e-01 -1.322712451219558716e-01
-3.297220468521118164e-01 -6.159925088286399841e-02 -1.071769475936889648e+00 -1.040603160858154297e+00 1.488391399383544922e+00 -1.462663888931274414e+00 3.052139878273010254e-01 2.878943458199501038e-02 -4.379703402519226074e-01 -3.914052546024322510e-01 -1.324104428291320801e+00 -1.595611423254013062e-01 3.684356212615966797e-01 3.829098492860794067e-02 1.615542411804199219e+00 -8.985237479209899902e-01
-2.502815246582031250e+00 2.377342462539672852e+00 -9.031400680541992188e-01 -2.772967576980590820e+00 2.270899862051010132e-01 4.734985530376434326e-01 -5.221831798553466797e+00 1.314935088157653809e+00 -4.388305664062500000e+00 3.173091411590576172e-01 -1.643653512001037598e+00 1.770247578620910645e+00 -2.059568166732788086e+00 -2.741219282150268555e+00 -2.103474140167236328e+00 1.353077769279479980e+00
-5.055032670497894287e-02 -8.524938821792602539e-01 -1.798549056053161621e+00 -1.505660563707351685e-01 4.270131140947341919e-02 2.030301094055175781e-01 -1.207413077354431152e-01 -1.652553528547286987e-01 -2.174069359898567200e-02 7.740113735198974609e-01 -7.128704190254211426e-01 -6.140639185905456543e-01 -5.729506015777587891e-01 -1.596058607101440430e-01 3.336834907531738281e-01 -1.488116383552551270e+00
-1.754367351531982422e+00 -4.270734786987304688e-01 -2.833190560340881348e-01 -3.046885132789611816e-01 1.363216161727905273e+00 -1.336478471755981445e+00 -1.733168959617614746e-01 -2.931385859847068787e-02 -3.801362812519073486e-01 -1.531026065349578857e-01 -1.989764571189880371e+00 -4.421907365322113037e-01 -1.785064816474914551e+00 1.664930701255798340e+00 -2.420744895935058594e+00 -7.985323071479797363e-01
