1.551105529069900513e-01 -3.358899056911468506e-02 -3.933115005493164062e-01 4.193153083324432373e-01 -2.162144631147384644e-01 -1.112349629402160645e+00 -8.204078078269958496e-01 -1.738828122615814209e-01 -5.559875965118408203e-01 -2.747792899608612061e-01 -1.142380610108375549e-01 -2.358667850494384766e-01 4.718400835990905762e-01 -7.249301671981811523e-01 -7.636731863021850586e-01 -7.567642927169799805e-01
-3.758116066455841064e-01 -8.956072330474853516e-01 -8.923043310642242432e-02 -1.835205256938934326e-01 -4.126996397972106934e-01 9.054574966430664062e-01 -2.919186353683471680e-01 -8.019964694976806641e-01 -1.011675238609313965e+00 -3.134678676724433899e-02 -8.460385203361511230e-01 -3.647695183753967285e-01 8.807544410228729248e-02 -6.026735305786132812e-01 -4.837097227573394775e-01 -1.850059479475021362e-01
2.227030247449874878e-01 1.411558270454406738e+00 -9.304818511009216309e-01 1.009764731861650944e-03 3.186532855033874512e-01 6.980918645858764648e-01 4.202331006526947021e-01 8.171640038490295410e-01 -1.706337779760360718e-01 8.501228690147399902e-01 1.495617926120758057e-01 3.677304089069366455e-01 5.848203301429748535e-01 -3.877898454666137695e-01 7.501815557479858398e-01 7.198984622955322266e-01
1.360810548067092896e-01 2.631182074546813965e-01 1.114019393920898438e+00 3.228727877140045166e-01 1.859623342752456665e-01 1.598035216331481934e+00 1.197763681411743164e+00 1.453162133693695068e-01 3.141190111637115479e-01 1.091246485710144043e+00 -1.837082058191299438e-01 3.316990137100219727e-01 -5.688632726669311523e-01 3.593370020389556885e-01 8.989952504634857178e-02 7.501073479652404785e-01
-3.892624750733375549e-02 -8.666772246360778809e-01 3.616455476731061935e-03 -9.927358031272888184e-01 -2.383853197097778320e-01 -1.838579058647155762e+00 8.562713116407394409e-02 -3.933523297309875488e-01 -2.938012778759002686e-01 -8.265916705131530762e-01 -2.407813966274261475e-01 -7.124289125204086304e-02 -2.482917308807373047e-01 -7.495263218879699707e-01 -4.256822764873504639e-01 -3.622496500611305237e-03
-1.282184243202209473e+00 -1.220041275024414062e+00 4.698340198956429958e-04 1.017986059188842773e+00 7.533580660820007324e-01 4.061098694801330566e-01 3.557782769203186035e-01 -1.576615214347839355e+00 -2.754598855972290039e-01 -6.404329538345336914e-01 -5.058056116104125977e-01 -1.030247211456298828e+00 5.619134902954101562e-01 -3.098128736019134521e-02 1.726318001747131348e-01 -3.739967048168182373e-01
4.091189801692962646e-01 1.360247731208801270e-01 -2.361422777175903320e-01 -6.156678795814514160e-01 -6.157549619674682617e-01 -8.418810367584228516e-01 -5.161808729171752930e-01 5.384831428527832031e-01 -1.109755411744117737e-01 6.458669900894165039e-01 8.060890436172485352e-01 -1.885150671005249023e-01 8.073810338973999023e-01 -2.387228310108184814e-01 -2.350031882524490356e-01 4.321739543229341507e-03
7.774959206581115723e-01 9.794063568115234375e-01 1.213446259498596191e+00 2.909573614597320557e-01 3.500638008117675781e-01 -1.592994779348373413e-01 8.230471611022949219e-01 5.687532424926757812e-01 1.126490235328674316e+00 9.785034060478210449e-01 1.737736821174621582e+00 8.304541110992431641e-01 3.744827210903167725e-01 9.105806350708007812e-01 9.956118464469909668e-01 1.227067112922668457e+00
-9.287459850311279297e-01 -2.995247542858123779e-01 -1.876930147409439087e-01 5.882130265235900879e-01 1.053840160369873047e+00 4.546488523483276367e-01 3.585809171199798584e-01 -7.886573076248168945e-01 2.518155276775360107e-01 -6.211224198341369629e-01 -5.677739530801773071e-02 -8.965447545051574707e-01 4.630652070045471191e-01 8.140370249748229980e-01 -2.927556037902832031e-01 -1.641653627157211304e-01
3.169429004192352295e-01 1.329292058944702148e+00 -2.708600163459777832e-01 8.379604816436767578e-01 3.953836560249328613e-01 -7.229834198951721191e-01 -3.156858086585998535e-01 1.668653041124343872e-01 -2.558598220348358154e-01 -3.155822679400444031e-02 -2.551400959491729736e-01 -4.954089969396591187e-02 8.628892898559570312e-01 4.601699113845825195e-01 -8.848620653152465820e-01 -2.038421779870986938e-01
-6.923490017652511597e-02 7.951084971427917480e-01 -1.022087112069129944e-01 -9.641482830047607422e-01 -1.067840576171875000e+00 1.912659257650375366e-01 -1.048873588442802429e-01 2.192514091730117798e-01 -5.247068777680397034e-02 -4.867530167102813721e-01 -5.490301847457885742e-01 3.200302720069885254e-01 -3.082466423511505127e-01 -3.558676838874816895e-01 8.981121182441711426e-01 7.412580251693725586e-01
-8.025746941566467285e-01 -1.362826466560363770e+00 -8.844141364097595215e-01 -1.011439189314842224e-01 -1.841926127672195435e-01 -1.765091538429260254e+00 -7.437865138053894043e-01 -6.270706057548522949e-01 -1.123328566551208496e+00 -1.543069481849670410e+00 -7.984915375709533691e-01 -6.129555106163024902e-01 -5.310487747192382812e-01 1.349708735942840576e-01 -1.498633265495300293e+00 -1.722796916961669922e+00
1.439019590616226196e-01 -3.411706387996673584e-01 -3.906394541263580322e-01 -4.411936551332473755e-02 -7.329461574554443359e-01 -1.478442788124084473e+00 -6.472299695014953613e-01 -1.600703895092010498e-01 -1.435198545455932617e+00 -9.886692166328430176e-01 4.367076158523559570e-01 8.812074661254882812e-01 -2.990118861198425293e-01 -4.356601834297180176e-02 -1.063880681991577148e+00 -1.647882312536239624e-01
-3.808879852294921875e-01 -2.891781032085418701e-01 7.577865719795227051e-01 7.200963497161865234e-01 4.515341818332672119e-01 2.398207485675811768e-01 3.859210014343261719e-01 -5.794171690940856934e-01 1.263234615325927734e+00 -4.491644799709320068e-01 -1.257629841566085815e-01 -8.270644545555114746e-01 2.867894768714904785e-01 9.980311393737792969e-01 -8.436120152473449707e-01 -7.819387316703796387e-02
-4.219490587711334229e-01 -1.323410749435424805e+00 1.284488141536712646e-01 -1.152807846665382385e-01 2.640020474791526794e-02 7.385073304176330566e-01 -4.222351610660552979e-01 -6.927924156188964844e-01 -3.457869887351989746e-01 2.962965369224548340e-01 -3.731921613216400146e-01 -2.312135547399520874e-01 -7.169862836599349976e-02 -6.806637644767761230e-01 5.393665432929992676e-01 1.789782047271728516e-01
1.896528452634811401e-01 -7.627534270286560059e-01 -3.447891473770141602e-01 5.717377662658691406e-01 1.667021512985229492e-01 -4.509211182594299316e-01 -7.612615227699279785e-01 -2.630538046360015869e-01 -8.835928440093994141e-01 1.508344709873199463e-01 -1.254545092582702637e+00 -7.664665579795837402e-01 6.562451124191284180e-01 -2.037089020013809204e-01 -6.919612288475036621e-01 -5.475695133209228516e-01
