-4.372345209121704102e-01 1.404699444770812988e+00 -5.390048623085021973e-01 4.759421050548553467e-01 3.127124533057212830e-02 4.300541579723358154e-01 -1.833580881357192993e-01 7.811047434806823730e-01 7.856420874595642090e-01 -4.873172044754028320e-01 -6.074268817901611328e-01 -1.352165102958679199e+00 9.291535615921020508e-01 -9.734750986099243164e-01 -6.532211899757385254e-01 -5.448100566864013672e-01
-2.777410447597503662e-01 2.822426319122314453e+00 -1.360247850418090820e+00 1.152529239654541016e+00 9.837040901184082031e-01 -7.730907797813415527e-01 -1.139730215072631836e+00 6.272152066230773926e-01 1.675492972135543823e-01 7.735629081726074219e-01 -5.319068208336830139e-02 9.686885029077529907e-02 -6.322793960571289062e-01 5.496587157249450684e-01 -8.788621425628662109e-01 1.516496658325195312e+00
1.149649024009704590e-01 -1.198940753936767578e+00 9.159930944442749023e-01 -8.582741022109985352e-01 -9.499396085739135742e-01 1.787335157394409180e+00 1.236897110939025879e+00 -5.818930640816688538e-02 -2.080194234848022461e+00 -4.850007593631744385e-01 -2.140585780143737793e-01 -3.060840070247650146e-01 1.198025122284889221e-01 -2.172354459762573242e-01 1.114331603050231934e+00 -3.933188319206237793e-01
-2.854780554771423340e-01 5.547236800193786621e-01 5.995843932032585144e-02 -1.124568581581115723e-01 5.643827468156814575e-02 -7.294766902923583984e-01 -1.836198121309280396e-01 -4.073512852191925049e-01 -1.102592945098876953e-01 -1.052990108728408813e-01 6.064797043800354004e-01 5.850486159324645996e-01 2.621574327349662781e-02 3.576966822147369385e-01 -2.988094985485076904e-01 -7.718145847320556641e-01
-7.282394766807556152e-01 1.132048845291137695e+00 -5.039264559745788574e-01 -5.443230271339416504e-01 2.017820328474044800e-01 2.912249863147735596e-01 2.300107926130294800e-01 -4.060884118080139160e-01 5.600434541702270508e-01 3.886415064334869385e-01 6.357102394104003906e-01 -1.050685048103332520e-01 -3.653258085250854492e-02 1.309334933757781982e-01 1.767962798476219177e-02 1.375619769096374512e-01
4.537536501884460449e-01 -4.161387383937835693e-01 -1.579495906829833984e+00 -1.722062379121780396e-01 6.596283912658691406e-01 1.631968617439270020e-01 -1.650302410125732422e+00 -1.675216913223266602e+00 -2.266380339860916138e-01 1.153641581535339355e+00 1.522747516632080078e+00 9.893461465835571289e-01 1.023020222783088684e-01 1.522060513496398926e+00 -1.708085179328918457e+00 7.423614263534545898e-01
-5.925937369465827942e-02 1.784827947616577148e+00 5.279133915901184082e-01 5.992261767387390137e-01 2.033022642135620117e-01 -1.970706582069396973e-01 6.138667464256286621e-01 1.938795685768127441e+00 9.826095104217529297e-01 -1.909968554973602295e-01 -1.299721956253051758e+00 -8.730269074440002441e-01 1.712048053741455078e+00 -7.435755729675292969e-01 6.822025179862976074e-01 -3.615939319133758545e-01
-4.743820130825042725e-01 -6.135991215705871582e-01 -8.210130929946899414e-01 5.965828299522399902e-01 6.228040158748626709e-02 -2.090972065925598145e-01 1.227035403251647949e+00 -2.281780168414115906e-02 -1.468141376972198486e-01 3.866363763809204102e-01 -8.874390125274658203e-01 1.969101428985595703e-01 -9.167958796024322510e-02 -8.649489879608154297e-01 -3.626884818077087402e-01 -1.378675818443298340e+00
1.155100822448730469e+00 -1.781342864036560059e+00 -2.626732587814331055e-01 2.421851456165313721e-02 1.687268257141113281e+00 -2.550492882728576660e-01 -1.055750727653503418e+00 -1.472063899040222168e+00 -1.226616650819778442e-01 7.496798038482666016e-01 2.013779401779174805e+00 1.836529493331909180e+00 -1.398784756660461426e+00 2.986630797386169434e-01 -4.893808364868164062e-01 3.019108474254608154e-01
2.038728147745132446e-01 3.249046802520751953e+00 -4.578323364257812500e-01 2.231860607862472534e-01 3.641466796398162842e-01 -7.528224587440490723e-01 -7.927097082138061523e-01 2.134662866592407227e+00 1.006946325302124023e+00 8.618584871292114258e-01 -2.056270092725753784e-01 -5.683152675628662109e-01 -6.323558092117309570e-01 -4.867563545703887939e-01 -9.359858036041259766e-01 9.150367379188537598e-01
2.407199591398239136e-01 -4.047594964504241943e-01 1.303057074546813965e+00 -4.737102389335632324e-01 -8.408897519111633301e-01 1.419175148010253906e+00 7.241629958152770996e-01 3.768534362316131592e-01 -9.302337765693664551e-01 2.914955914020538330e-01 2.523011267185211182e-01 -6.179181933403015137e-01 1.828445076942443848e+00 -2.000262439250946045e-01 7.693428397178649902e-01 3.005422055721282959e-01
3.245304524898529053e-02 -1.414106339216232300e-01 -5.481577515602111816e-01 3.129141032695770264e-01 9.250842928886413574e-01 -6.776587367057800293e-01 -1.155206799507141113e+00 -5.277131870388984680e-02 1.065982341766357422e+00 8.684101104736328125e-01 2.912144064903259277e-01 -2.371586710214614868e-01 -9.686602950096130371e-01 -2.377289384603500366e-01 -7.167401909828186035e-01 1.070036768913269043e+00
-9.833839535713195801e-01 -2.660255730152130127e-01 2.728208541870117188e+00 -2.696080803871154785e-01 -9.084354639053344727e-01 1.492731213569641113e+00 -2.286844328045845032e-02 -4.895930290222167969e-01 -2.502382755279541016e+00 -1.164164900779724121e+00 -3.670941293239593506e-01 -1.056137800216674805e+00 5.402172207832336426e-01 -2.320314884185791016e+00 1.642514616250991821e-01 -1.111378908157348633e+00
4.240660667419433594e-01 3.092067129909992218e-02 -1.497316360473632812e+00 6.162219047546386719e-01 4.402276575565338135e-01 -2.049978256225585938e+00 -1.632295846939086914e+00 -6.982639431953430176e-02 3.036173284053802490e-01 8.034118413925170898e-01 5.761478096246719360e-02 4.695184528827667236e-01 -1.268598437309265137e+00 2.945693433284759521e-01 -1.703773498535156250e+00 4.019694030284881592e-01
1.195939183235168457e+00 -3.904588460922241211e+00 3.138999938964843750e-01 -9.122307896614074707e-01 5.074473619461059570e-01 7.357991337776184082e-01 -3.125175833702087402e-01 -2.258730888366699219e+00 -1.972482442855834961e+00 3.302328884601593018e-01 6.065613031387329102e-01 1.278556227684020996e+00 4.785209000110626221e-01 4.606202244758605957e-01 3.724777400493621826e-01 1.320522189140319824e+00
-4.377672374248504639e-01 1.090896368026733398e+00 -6.959879398345947266e-01 7.096156477928161621e-01 1.395718097686767578e+00 2.086392194032669067e-01 -8.335266113281250000e-01 3.296453952789306641e-01 8.740730881690979004e-01 3.151188418269157410e-02 6.054931879043579102e-01 -1.114143505692481995e-01 -6.611683368682861328e-01 2.130938321352005005e-01 1.301819533109664917e-01 5.278996825218200684e-01
