-1.648957878351211548e-01 1.585993543267250061e-02 2.248101830482482910e-01 2.945273518562316895e-01 4.139423072338104248e-01 1.114764884114265442e-01 1.835709661245346069e-01 1.735732331871986389e-02 3.466359972953796387e-01 1.306298822164535522e-01 -4.656697511672973633e-01 -5.243916511535644531e-01 6.280255913734436035e-01 4.405773282051086426e-01 -4.515455663204193115e-01 -1.719054430723190308e-01
-1.643273085355758667e-01 1.460116058588027954e-01 6.833100318908691406e-01 -9.361911565065383911e-02 -3.217922151088714600e-02 -1.963869780302047729e-01 -8.225983381271362305e-01 9.879501163959503174e-02 5.731497406959533691e-01 -1.017090603709220886e-01 1.066406011581420898e+00 9.170045703649520874e-02 -1.374396532773971558e-01 7.246368527412414551e-01 6.764082908630371094e-01 -2.091912478208541870e-01
4.684905111789703369e-01 -6.966865155845880508e-03 5.822663903236389160e-01 -2.585241794586181641e-01 -5.252485275268554688e-01 4.801047146320343018e-01 -1.170543059706687927e-01 -1.540036797523498535e-01 -9.004320502281188965e-01 -1.668159812688827515e-01 -2.830060720443725586e-01 5.896506309509277344e-01 1.232382729649543762e-01 -8.966068625450134277e-01 6.501340270042419434e-01 -3.045208156108856201e-01
-5.682057738304138184e-01 -7.962211966514587402e-02 1.146720170974731445e+00 1.218493938446044922e+00 2.924527823925018311e-01 1.532562971115112305e-01 -7.319924421608448029e-03 -3.822209537029266357e-01 3.203912377357482910e-01 -3.978882730007171631e-01 6.365275979042053223e-01 8.857815265655517578e-01 2.689034640789031982e-01 3.244101703166961670e-01 5.313925743103027344e-01 6.342942267656326294e-02
2.837491333484649658e-01 -5.253479480743408203e-01 1.523131728172302246e+00 5.979606509208679199e-02 9.917481243610382080e-02 1.665170490741729736e-01 -5.217778086662292480e-01 -9.295023232698440552e-02 -2.965286672115325928e-01 -6.809282898902893066e-01 1.458499073982238770e+00 -2.435993254184722900e-01 8.685588240623474121e-01 -5.168805718421936035e-01 2.720204889774322510e-01 -4.931299686431884766e-01
-7.269950211048126221e-02 -3.231692314147949219e-01 -1.008378490805625916e-01 -3.643774390220642090e-01 -1.474012434482574463e-01 4.040093347430229187e-02 -6.259950399398803711e-01 7.748216856271028519e-03 1.509768608957529068e-02 1.837046891450881958e-01 3.037559390068054199e-01 2.954191565513610840e-01 4.811042845249176025e-01 -3.637817800045013428e-01 2.957862615585327148e-01 -3.385181128978729248e-01
-5.159454345703125000e-01 7.335516810417175293e-01 -2.954263389110565186e-01 4.023728519678115845e-02 5.223163962364196777e-01 9.821788221597671509e-02 3.043893259018659592e-03 1.637799888849258423e-01 -7.793247699737548828e-01 -4.260423481464385986e-01 -6.775422096252441406e-01 4.955766797065734863e-01 1.329955309629440308e-01 -1.757276207208633423e-01 -1.752125173807144165e-01 2.543979287147521973e-01
1.171818375587463379e-02 -1.302603334188461304e-01 4.347147345542907715e-01 -1.472378075122833252e-01 3.617028594017028809e-01 -1.063186600804328918e-01 -6.258565783500671387e-01 -3.721291199326515198e-02 -7.206311225891113281e-01 1.181461885571479797e-01 7.875413298606872559e-01 7.082704901695251465e-01 -3.803263306617736816e-01 -1.505235582590103149e-01 1.648905128240585327e-01 5.830602049827575684e-01
-7.326874732971191406e-01 -2.822156548500061035e-01 2.491851300001144409e-01 4.680780470371246338e-01 -8.062396943569183350e-02 -4.565914571285247803e-01 -2.329233735799789429e-01 -8.670161366462707520e-01 8.037029504776000977e-01 -8.057106286287307739e-02 2.317793220281600952e-01 4.549028277397155762e-01 -1.213963627815246582e-01 -1.722585260868072510e-01 -2.469865530729293823e-01 1.094828546047210693e-01
-3.781735897064208984e-01 1.983955036848783493e-03 -3.276866078376770020e-01 -3.041519224643707275e-01 -1.712239384651184082e-01 1.492794036865234375e+00 4.412029385566711426e-01 -6.017349362373352051e-01 -2.525196969509124756e-01 -6.115629076957702637e-01 6.942286491394042969e-01 -6.423523426055908203e-01 -4.799980521202087402e-01 1.662690006196498871e-02 -7.301259636878967285e-01 -4.590564966201782227e-01
5.039444938302040100e-02 -8.624763786792755127e-02 1.004599571228027344e+00 -1.365698575973510742e-01 1.949729472398757935e-01 7.369663119316101074e-01 -7.714779581874608994e-03 -2.231015712022781372e-01 7.142110466957092285e-01 -5.341288074851036072e-02 -9.731899201869964600e-02 -5.345225334167480469e-01 4.062917456030845642e-02 -8.105283975601196289e-02 1.002561952918767929e-02 -5.098363757133483887e-01
-6.967837214469909668e-01 1.586836427450180054e-01 -7.284913659095764160e-01 4.095378890633583069e-02 2.513796789571642876e-03 2.664522826671600342e-01 9.297733902931213379e-01 -8.790411949157714844e-01 5.016017556190490723e-01 -2.623794414103031158e-02 -1.560329943895339966e-01 -6.962516307830810547e-01 1.110429883003234863e+00 -3.697325587272644043e-01 -3.671157956123352051e-01 -8.579351305961608887e-01
-4.029386676847934723e-03 2.946274280548095703e-01 4.366371035575866699e-01 -2.286119908094406128e-01 -4.684292674064636230e-01 5.277449265122413635e-02 4.256899952888488770e-01 -4.002213478088378906e-01 -5.678898468613624573e-02 1.235565021634101868e-01 4.881240054965019226e-02 1.039769425988197327e-01 -3.347410857677459717e-01 -4.760679006576538086e-01 1.476209145039319992e-02 1.561826467514038086e-02
-5.871471166610717773e-01 -5.566996932029724121e-01 1.119659781455993652e+00 -1.299820244312286377e-01 7.408655881881713867e-01 6.736711263656616211e-01 1.310413956642150879e+00 4.079046845436096191e-01 1.638485312461853027e+00 5.388249754905700684e-01 4.432357847690582275e-01 1.643928438425064087e-01 -3.879216015338897705e-01 1.950889080762863159e-01 4.885178506374359131e-01 7.080486416816711426e-01
1.465644091367721558e-01 1.006471440196037292e-01 4.993230998516082764e-01 2.753761112689971924e-01 5.856625437736511230e-01 -1.944354772567749023e-01 -2.481525763869285583e-02 1.401473045349121094e+00 2.041987776756286621e-01 4.965149760246276855e-01 5.252000689506530762e-01 2.999800443649291992e-01 2.674119547009468079e-02 -1.028341412544250488e+00 1.093816399574279785e+00 1.883634775876998901e-01
-1.010365486145019531e+00 1.362478733062744141e-01 5.600494146347045898e-01 2.352819144725799561e-01 -3.977006673812866211e-01 2.272653132677078247e-01 -2.614494860172271729e-01 -8.377792835235595703e-01 -5.978573560714721680e-01 -1.170831561088562012e+00 -1.902880705893039703e-02 -3.197999894618988037e-01 -7.990939915180206299e-02 1.244534611701965332e+00 9.417098760604858398e-02 1.668749153614044189e-01
