-5.127308964729309082e-01 1.393354296684265137e+00 9.222409725189208984e-01 5.169614553451538086e-01 -1.025099873542785645e+00 -1.361325830221176147e-01 6.340029239654541016e-01 2.050939559936523438e+00 1.009214043617248535e+00 3.889403939247131348e-01 1.053445458412170410e+00 1.506727337837219238e+00 -6.440654397010803223e-01 -2.964614927768707275e-01 1.262935757637023926e+00 -8.541980385780334473e-01
-4.851581156253814697e-01 -1.033479690551757812e+00 -1.325627684593200684e+00 3.221470415592193604e-01 4.481059014797210693e-01 -1.976848095655441284e-01 -1.183398127555847168e+00 3.630668640136718750e+00 -2.770191729068756104e-01 -8.443718552589416504e-01 2.040246486663818359e+00 -1.986139826476573944e-02 -2.705480813980102539e+00 -1.120849922299385071e-01 -2.024510622024536133e+00 -2.154130697250366211e+00
-2.828548662364482880e-02 -6.351717710494995117e-01 -2.387405157089233398e+00 -2.855649590492248535e-01 4.560104608535766602e-01 7.624247074127197266e-01 -2.752648353576660156e+00 -2.867823600769042969e+00 -7.317503690719604492e-01 6.624714732170104980e-01 -1.589543104171752930e+00 -1.543285727500915527e+00 1.050680994987487793e+00 -6.473445892333984375e-01 5.015119314193725586e-01 5.780745744705200195e-01
-9.013295173645019531e-01 -1.704547554254531860e-01 -1.810937643051147461e+00 -5.561841279268264771e-02 3.001856803894042969e-01 -8.764362931251525879e-01 4.140412211418151855e-01 -1.160262346267700195e+00 -1.666488528251647949e+00 -1.419078469276428223e+00 -7.173625826835632324e-01 -2.171437263488769531e+00 7.345885634422302246e-01 -3.281910717487335205e-01 -2.194262742996215820e+00 8.979467749595642090e-01
4.976891279220581055e-01 2.253538131713867188e+00 3.020422458648681641e+00 -1.356254816055297852e+00 1.045129060745239258e+00 -9.459272623062133789e-01 9.094870686531066895e-01 -7.067840546369552612e-02 7.330175042152404785e-01 9.343993663787841797e-01 1.435400962829589844e+00 2.128856420516967773e+00 5.373596549034118652e-01 1.191146731376647949e+00 6.944050788879394531e-01 3.545143827795982361e-02
-1.071519494056701660e+00 -1.538672685623168945e+00 -4.819748550653457642e-02 -6.727459281682968140e-02 6.303541064262390137e-01 8.237447738647460938e-01 -8.346468806266784668e-01 9.430354833602905273e-01 -1.998561769723892212e-01 -7.251604795455932617e-01 5.336744189262390137e-01 1.044493079185485840e+00 -1.113555431365966797e+00 4.589042067527770996e-01 -1.342752575874328613e+00 -1.505805850028991699e+00
-2.495649904012680054e-01 2.197644948959350586e+00 -2.971100807189941406e-01 -3.478663563728332520e-01 -8.052656054496765137e-01 3.698372244834899902e-01 4.523809850215911865e-01 9.185469150543212891e-01 -5.302549004554748535e-01 1.112045571208000183e-01 9.351494908332824707e-01 -3.851114809513092041e-01 -8.557553887367248535e-01 -9.752411842346191406e-01 9.528211951255798340e-01 1.894879788160324097e-01
-4.457815885543823242e-01 9.069842696189880371e-01 6.670777499675750732e-02 -1.186494946479797363e+00 7.760237157344818115e-02 -1.064859703183174133e-01 7.395620346069335938e-01 -1.708528876304626465e+00 7.883634418249130249e-02 9.190627336502075195e-01 -1.038050174713134766e+00 -1.457385122776031494e-01 -1.940598487854003906e+00 1.979145556688308716e-01 1.489586472511291504e+00 7.182281613349914551e-01
-1.124470591545104980e+00 -1.685242295265197754e+00 -5.683396458625793457e-01 7.477679252624511719e-01 2.707724571228027344e-01 -4.773176908493041992e-01 -1.274072974920272827e-01 -6.447623372077941895e-01 -3.386565744876861572e-01 -1.336592286825180054e-01 -3.885267674922943115e-01 -7.725769877433776855e-01 -2.096554934978485107e-01 -8.975809812545776367e-01 -1.980585336685180664e+00 8.280367851257324219e-01
1.495752334594726562e-01 5.056596994400024414e-01 1.386682987213134766e-01 6.637743115425109863e-01 -1.090946719050407410e-01 1.380545496940612793e+00 8.704360723495483398e-01 5.492199420928955078e+00 4.458576142787933350e-01 2.461314350366592407e-01 2.017823219299316406e+00 -3.112288415431976318e-01 -5.462321639060974121e-02 -1.011224508285522461e+00 1.358762502670288086e+00 2.811123430728912354e-01
1.010211229324340820e+00 1.780349373817443848e+00 5.652591586112976074e-01 -1.358584165573120117e-01 -1.786082610487937927e-02 6.322773694992065430e-01 -1.850565820932388306e-01 -9.055688381195068359e-01 8.383827805519104004e-01 -3.557574152946472168e-01 -4.751876294612884521e-01 -9.584467113018035889e-02 7.339560389518737793e-01 6.430158764123916626e-02 -5.093109607696533203e-02 -3.638767898082733154e-01
-8.191765546798706055e-01 1.767756342887878418e-01 1.426766753196716309e+00 1.839477121829986572e-01 -2.839893400669097900e-01 3.870129287242889404e-01 1.265011429786682129e+00 2.017983436584472656e+00 5.586113929748535156e-01 -2.854011058807373047e-01 1.780345916748046875e+00 2.039269447326660156e+00 3.743809461593627930e-02 3.893876075744628906e-01 9.602056145668029785e-01 -1.313232779502868652e+00
-9.230514168739318848e-01 -1.461888432502746582e+00 -4.048504233360290527e-01 3.301222994923591614e-02 -1.209681630134582520e+00 -7.553057074546813965e-01 -5.962569713592529297e-01 -1.471008300781250000e+00 -2.667783975601196289e+00 2.843229174613952637e-01 -2.530930936336517334e-01 2.644385397434234619e-01 -4.989478886127471924e-01 -7.726869583129882812e-01 -5.547988414764404297e-02 -6.729413866996765137e-01
-1.414708852767944336e+00 -6.144284009933471680e-01 -2.041752040386199951e-01 4.385473728179931641e-01 -3.626862764358520508e-01 -9.650084376335144043e-01 -4.513899683952331543e-01 7.716204524040222168e-01 1.472078919410705566e+00 -1.098128080368041992e+00 -1.194833517074584961e+00 4.976509809494018555e-01 -4.988538920879364014e-01 -3.062452673912048340e-01 -2.214764833450317383e+00 -2.547098994255065918e-01
8.122596144676208496e-02 -2.611159324645996094e+00 -8.210639357566833496e-01 3.683051560074090958e-03 5.512407422065734863e-01 9.560555964708328247e-02 -1.244828343391418457e+00 -4.216022491455078125e+00 2.816146314144134521e-01 -1.134772300720214844e-01 -6.985525488853454590e-01 -5.301367640495300293e-01 7.549016475677490234e-01 5.025291442871093750e-01 -1.449073314666748047e+00 -7.710260748863220215e-01
-6.301638484001159668e-01 -6.175981163978576660e-01 -1.402510106563568115e-01 5.632960200309753418e-01 2.830500304698944092e-01 -1.902005076408386230e-01 6.383556723594665527e-01 1.435331225395202637e+00 -3.758638398721814156e-03 -2.773554325103759766e-01 7.655641436576843262e-01 7.805788516998291016e-02 -2.026902437210083008e-01 -3.296411931514739990e-01 -3.158593177795410156e-01 -9.458723068237304688e-01
