1.008352078497409821e-02 4.060619771480560303e-01 7.541641592979431152e-01 8.926402330398559570e-01 -1.390398502349853516e+00 -3.029927015304565430e-01 4.590297937393188477e-01 1.819288730621337891e+00 2.293826639652252197e-02 2.769639790058135986e-01 1.485201358795166016e+00 1.584222078323364258e+00 -7.688528299331665039e-01 -1.719492822885513306e-01 1.242174148559570312e+00 -4.272814095020294189e-01
-7.177689112722873688e-03 -7.839500308036804199e-01 -1.499169111251831055e+00 4.227857589721679688e-01 1.797917336225509644e-01 1.067313671112060547e+00 -1.059952855110168457e+00 -3.606412112712860107e-01 5.435066819190979004e-01 -1.154081106185913086e+00 1.333729982376098633e+00 8.821657896041870117e-01 -1.307107090950012207e+00 -5.689461827278137207e-01 -1.640462994575500488e+00 -2.100891590118408203e+00
1.700015813112258911e-01 -4.748344123363494873e-01 -2.536575078964233398e+00 -1.039689779281616211e+00 -1.017659068107604980e+00 3.588097095489501953e-01 4.415037333965301514e-01 -6.792886853218078613e-01 -1.182638883590698242e+00 7.854066491127014160e-01 -2.095591783523559570e+00 -1.054601073265075684e+00 -8.405636548995971680e-01 -1.271916389465332031e+00 1.076766729354858398e+00 1.077704668045043945e+00
-1.020099639892578125e+00 5.324599742889404297e-01 -1.389653921127319336e+00 3.087414503097534180e-01 -9.230598807334899902e-02 -6.327825784683227539e-01 7.111988663673400879e-01 -1.328235507011413574e+00 -5.555660724639892578e-01 -5.828456878662109375e-01 -1.060131430625915527e+00 2.958790957927703857e-01 1.241643190383911133e+00 1.833545714616775513e-01 -1.361121535301208496e+00 1.035628080368041992e+00
6.532840728759765625e-01 9.494619369506835938e-01 3.128487825393676758e+00 -1.128671646118164062e+00 5.608608126640319824e-01 -1.608082175254821777e+00 -1.908958554267883301e-01 4.275937378406524658e-01 -9.831629693508148193e-02 8.286063075065612793e-01 4.924908578395843506e-01 -2.257414907217025757e-01 9.153807908296585083e-02 -2.839867472648620605e-01 1.042503044009208679e-01 -7.167420983314514160e-01
-1.935053348541259766e+00 1.132767915725708008e+00 1.014553606510162354e-01 2.022969536483287811e-02 1.348504662513732910e+00 -2.310862392187118530e-01 -1.023231744766235352e+00 -8.099334836006164551e-01 9.420848488807678223e-01 -1.581162363290786743e-01 5.371466875076293945e-01 1.360987424850463867e+00 -7.664933800697326660e-01 5.439003109931945801e-01 -1.744881153106689453e+00 -5.422531962394714355e-01
4.453113973140716553e-01 -1.064034223556518555e+00 5.098429918289184570e-01 -8.090456128120422363e-01 -1.148489832878112793e+00 -8.809249848127365112e-02 2.429920136928558350e-01 1.996805369853973389e-01 -1.168914318084716797e+00 7.217601537704467773e-01 2.520175874233245850e-01 1.468607664108276367e+00 -1.028869867324829102e+00 -8.910127878189086914e-01 4.998868405818939209e-01 2.067742049694061279e-01
-1.092041954398155212e-01 -5.074894428253173828e-01 4.412745833396911621e-01 -9.819432497024536133e-01 -9.395761489868164062e-01 2.413393110036849976e-01 1.159550189971923828e+00 1.585595607757568359e-01 5.351743102073669434e-01 4.777661263942718506e-01 -1.039538025856018066e+00 -1.171919703483581543e+00 -1.016949057579040527e+00 5.557244420051574707e-01 1.885156512260437012e+00 1.049659252166748047e+00
-1.835888147354125977e+00 8.588227033615112305e-01 -1.237446665763854980e+00 1.113692760467529297e+00 1.183014035224914551e+00 -8.175911754369735718e-02 -1.531010508537292480e+00 -1.616235256195068359e+00 1.206898808479309082e+00 -7.107380628585815430e-01 1.614967137575149536e-01 -2.236343324184417725e-01 1.168297767639160156e+00 -5.831434130668640137e-01 -1.713068246841430664e+00 -1.814693957567214966e-01
-9.545542299747467041e-02 -7.877406477928161621e-01 -6.064044833183288574e-01 4.027373194694519043e-01 -4.908491969108581543e-01 1.086013555526733398e+00 6.397694945335388184e-01 -4.934382066130638123e-02 3.207002282142639160e-01 3.399235010147094727e-01 8.784292936325073242e-01 2.111053943634033203e+00 6.114763021469116211e-01 -4.654537141323089600e-01 5.921648144721984863e-01 1.223626434803009033e-01
7.824553251266479492e-01 -2.884761989116668701e-01 6.352225542068481445e-01 -5.591248273849487305e-01 5.599366426467895508e-01 -5.327072367072105408e-02 3.987995982170104980e-01 -4.880727529525756836e-01 -7.157785445451736450e-02 -5.190135240554809570e-01 -6.768344044685363770e-01 -9.001873135566711426e-01 -1.651013195514678955e-01 -1.110891342163085938e+00 3.218382969498634338e-02 8.065346628427505493e-03
-7.214961051940917969e-01 4.505218267440795898e-01 -8.039641976356506348e-01 -4.372240602970123291e-02 -3.069307506084442139e-01 -4.840942323207855225e-01 -6.951422095298767090e-01 5.556311607360839844e-01 8.636013865470886230e-01 -5.009333044290542603e-02 9.885973930358886719e-01 8.591604232788085938e-01 1.194878339767456055e+00 -4.063653349876403809e-01 3.643499612808227539e-01 -1.307841539382934570e+00
-2.773180045187473297e-02 -1.174066185951232910e+00 -4.659138023853302002e-01 -2.882857024669647217e-01 -1.847600936889648438e+00 -7.265452742576599121e-01 1.931442171335220337e-01 -3.513717055320739746e-01 -1.456356048583984375e+00 7.509025335311889648e-01 -1.035066485404968262e+00 -2.385853379964828491e-01 8.978600054979324341e-02 -1.064594626426696777e+00 -4.502355754375457764e-01 -5.308196544647216797e-01
-1.031835556030273438e+00 1.382345080375671387e+00 -9.543635249137878418e-01 5.073841810226440430e-01 1.066891197115182877e-02 -2.971460223197937012e-01 3.781977295875549316e-02 7.422002553939819336e-01 1.372176527976989746e+00 -9.547681212425231934e-01 -1.304952859878540039e+00 3.516000807285308838e-01 5.559843778610229492e-01 -2.082454413175582886e-02 -1.010832428932189941e+00 -1.366230130195617676e+00
-4.751977622509002686e-01 -4.118402674794197083e-02 -8.030831217765808105e-01 1.201061233878135681e-01 9.542858004570007324e-01 1.228527072817087173e-02 -1.878326296806335449e+00 -2.015019893646240234e+00 8.338601589202880859e-01 -1.340450793504714966e-01 -8.883680105209350586e-01 -2.053821086883544922e+00 1.460084319114685059e-01 3.802920877933502197e-01 -2.204953432083129883e+00 -5.152001380920410156e-01
-1.044103726744651794e-01 2.624142765998840332e-01 9.290119409561157227e-01 2.113189548254013062e-01 -1.650353707373142242e-02 8.795717358589172363e-02 -7.290802597999572754e-01 4.210189580917358398e-01 -3.879938274621963501e-02 -4.401596784591674805e-01 7.012093067169189453e-01 1.814549207687377930e+00 -2.881537079811096191e-01 -2.639155089855194092e-01 -8.840689808130264282e-02 -1.155103802680969238e+00
