1.075446978211402893e-02 -3.284649848937988281e-01 4.533667266368865967e-01 6.508982181549072266e-01 -5.125294327735900879e-01 6.505947709083557129e-01 -5.543994903564453125e-01 -9.532477706670761108e-02 8.530135452747344971e-02 -3.330919146537780762e-01 -6.793105602264404297e-01 7.189522385597229004e-01 -3.174824714660644531e-01 2.187801003456115723e-01 9.634540975093841553e-02 -2.163236588239669800e-01
-7.350848317146301270e-01 -1.167804956436157227e+00 -9.090948104858398438e-02 -4.154781997203826904e-01 5.797117576003074646e-02 1.213629543781280518e-01 5.783683061599731445e-01 -1.677483171224594116e-01 -2.496076188981533051e-02 7.099262624979019165e-02 7.135797739028930664e-01 3.864160925149917603e-02 -6.580276489257812500e-01 3.018234074115753174e-01 2.122917026281356812e-01 3.690707683563232422e-01
-1.850898377597332001e-02 6.141117215156555176e-01 -1.259671568870544434e+00 4.430675506591796875e-02 3.439172208309173584e-01 2.352535426616668701e-01 -7.801166921854019165e-02 5.754445195198059082e-01 -8.331425786018371582e-01 -3.467110991477966309e-01 2.851812243461608887e-01 -6.047666668891906738e-01 1.898831486701965332e+00 -6.974542140960693359e-01 7.330027222633361816e-02 3.025926649570465088e-01
-8.287830352783203125e-01 -6.589009165763854980e-01 8.540052771568298340e-01 5.611163377761840820e-01 -3.720900416374206543e-02 -3.243724703788757324e-01 3.110890388488769531e-01 1.058652162551879883e+00 9.447154402732849121e-02 -3.296300172805786133e-01 9.545536041259765625e-01 1.056901931762695312e+00 -3.033667504787445068e-01 7.825635373592376709e-03 8.757926225662231445e-01 -1.407525688409805298e-02
-4.528602212667465210e-02 -1.762031316757202148e-01 1.202814698219299316e+00 -3.284439742565155029e-01 6.523320823907852173e-02 3.811947405338287354e-01 4.636745750904083252e-01 1.435198664665222168e+00 3.329092860221862793e-01 -4.781775921583175659e-02 1.472662210464477539e+00 -4.501692950725555420e-01 -5.399581193923950195e-01 -7.375780344009399414e-01 1.239015698432922363e+00 -8.398426771163940430e-01
-1.641194671392440796e-01 -2.457627058029174805e-01 -6.438364833593368530e-02 -4.224301576614379883e-01 -8.925605565309524536e-02 5.229715704917907715e-01 -4.399862885475158691e-01 -4.684224426746368408e-01 -5.950838327407836914e-01 1.557477414608001709e-01 -4.085026085376739502e-01 -7.251861095428466797e-01 2.602252662181854248e-01 -7.937435507774353027e-01 1.274826526641845703e+00 4.929922148585319519e-02
-3.338771760463714600e-01 1.440033316612243652e-01 -1.466521263122558594e+00 -8.282782137393951416e-02 1.207787692546844482e-01 7.535662055015563965e-01 -3.822584152221679688e-01 -6.270175576210021973e-01 -1.117038965225219727e+00 -7.554914951324462891e-01 -7.070524692535400391e-01 -4.664443731307983398e-01 4.757415354251861572e-01 -8.614741563796997070e-01 -6.946626305580139160e-01 -2.005206942558288574e-01
-2.456827014684677124e-01 -7.071470618247985840e-01 -5.064963698387145996e-01 -9.174333512783050537e-02 9.091599285602569580e-02 -1.245731711387634277e-01 5.989636778831481934e-01 9.607484564185142517e-03 -9.297984838485717773e-02 -2.483819723129272461e-01 3.656800687313079834e-01 6.791993975639343262e-02 -2.667622566223144531e-01 -1.000865340232849121e+00 3.081249594688415527e-01 6.839191168546676636e-02
-1.372829824686050415e-01 -1.998717486858367920e-01 5.496006608009338379e-01 1.067786574363708496e+00 2.409293204545974731e-01 -9.862115979194641113e-01 8.166382312774658203e-01 7.660205364227294922e-01 4.276485741138458252e-01 -7.558407187461853027e-01 6.591418981552124023e-01 -2.484802007675170898e-01 -1.613522052764892578e+00 3.723094165325164795e-01 -1.955259740352630615e-01 8.805222511291503906e-01
7.252348661422729492e-01 -3.111695051193237305e-01 -5.213156342506408691e-01 6.297305226325988770e-01 -6.752576828002929688e-01 7.242044806480407715e-01 -5.378689989447593689e-02 8.402965664863586426e-01 -8.059111237525939941e-01 6.086213588714599609e-01 3.157418668270111084e-01 5.006674528121948242e-01 -3.447741568088531494e-01 3.119158148765563965e-01 -1.158513188362121582e+00 -9.864605069160461426e-01
7.482084035873413086e-01 2.396327108144760132e-01 1.087523579597473145e+00 5.867132917046546936e-02 1.643297523260116577e-01 5.469483137130737305e-01 -6.063503623008728027e-01 -2.360415905714035034e-01 9.508759379386901855e-01 -1.883530914783477783e-01 -9.449075162410736084e-02 1.086027979850769043e+00 1.852226406335830688e-01 -7.960302829742431641e-01 -7.395710349082946777e-01 -1.059347465634346008e-01
2.692272961139678955e-01 -1.947689205408096313e-01 3.291694521903991699e-01 6.847050786018371582e-01 -9.320634603500366211e-02 1.174047663807868958e-01 1.819429695606231689e-01 -5.780386924743652344e-01 3.525261282920837402e-01 7.694201916456222534e-02 -6.167985126376152039e-02 6.877084374427795410e-01 4.119366109371185303e-01 4.254199191927909851e-02 -3.855474591255187988e-01 -3.272504210472106934e-01
-3.284080624580383301e-01 1.780840307474136353e-01 -5.985819697380065918e-01 4.341946840286254883e-01 -2.812907099723815918e-01 -4.294433891773223877e-01 9.031998515129089355e-01 -4.279920458793640137e-02 3.617358207702636719e-01 -1.324073672294616699e+00 -2.880774438381195068e-01 -6.445925831794738770e-01 1.692418456077575684e+00 4.655580818653106689e-01 -5.237678289413452148e-01 -1.789486855268478394e-01
1.809536218643188477e-01 -1.274238824844360352e-01 1.217286109924316406e+00 5.991025567054748535e-01 -1.009969785809516907e-01 1.683542490005493164e+00 -6.023395806550979614e-02 -3.100120425224304199e-01 1.951543211936950684e+00 9.785729646682739258e-01 2.405631840229034424e-01 5.005099773406982422e-01 -1.494130015373229980e+00 -4.598899483680725098e-01 3.041578829288482666e-01 4.902520477771759033e-01
5.401138663291931152e-01 -7.522215247154235840e-01 7.114318013191223145e-01 1.463830024003982544e-01 7.912154793739318848e-01 1.556219339370727539e+00 3.529571592807769775e-01 -3.685734272003173828e-01 1.681949943304061890e-01 6.454136371612548828e-01 6.679625511169433594e-01 -4.374553263187408447e-01 1.526722311973571777e+00 -4.556823372840881348e-01 9.726968407630920410e-01 3.914583921432495117e-01
1.883594095706939697e-01 2.003693878650665283e-01 -2.173397392034530640e-01 3.795035183429718018e-01 -1.197385340929031372e-01 9.501861333847045898e-01 4.389715492725372314e-01 1.300295256078243256e-02 -7.265763729810714722e-02 -3.526329994201660156e-01 -9.283907711505889893e-02 2.314912229776382446e-01 -1.356554985046386719e+00 2.749867737293243408e-01 1.721557043492794037e-02 -6.517320871353149414e-01
