6.168752908706665039e-01 -2.658226788043975830e-01 6.657356619834899902e-01 -3.640894591808319092e-02 2.986176609992980957e-01 5.189610719680786133e-01 1.367432028055191040e-01 -3.179900646209716797e-01 7.394031882286071777e-01 -7.368888258934020996e-01 -3.842305541038513184e-01 -2.075486034154891968e-01 -7.144561409950256348e-02 2.151656597852706909e-01 1.812078356742858887e-01 1.736813932657241821e-01
-2.359307557344436646e-02 -5.607425570487976074e-01 -5.630294084548950195e-01 -3.345238864421844482e-01 -2.301386743783950806e-02 -2.166536748409271240e-01 -8.678751587867736816e-01 1.694649308919906616e-01 -1.157211542129516602e+00 1.719451993703842163e-01 -1.062576651573181152e+00 -6.156764030456542969e-01 1.016307353973388672e+00 -6.244876980781555176e-01 -7.041263580322265625e-01 -8.115348815917968750e-01
3.049004971981048584e-01 -2.445732206106185913e-01 7.990502715110778809e-01 -1.800515800714492798e-01 2.785799801349639893e-01 7.574469596147537231e-02 5.378270745277404785e-01 -1.122878026217222214e-02 -7.771188020706176758e-02 2.889758348464965820e-01 1.834281347692012787e-02 -4.009199142456054688e-01 -1.154682040214538574e+00 8.240423798561096191e-01 1.776806414127349854e-01 2.391436696052551270e-01
-1.845904141664505005e-01 -3.147843480110168457e-01 -3.235197961330413818e-01 -1.827495694160461426e-01 -8.933565020561218262e-01 6.803841143846511841e-02 -7.271627187728881836e-01 -9.606744647026062012e-01 -2.443042248487472534e-01 -7.635272294282913208e-02 -7.770940661430358887e-01 -2.911031246185302734e-01 1.389400243759155273e+00 8.126233518123626709e-02 -8.513889312744140625e-01 -5.701356530189514160e-01
-8.369928002357482910e-01 -2.422256022691726685e-01 -1.079544186592102051e+00 -4.792355597019195557e-01 -7.347488403320312500e-01 -1.670861482620239258e+00 -1.041373848915100098e+00 -3.090928792953491211e-01 -5.569015145301818848e-01 -5.548333525657653809e-01 -1.238993644714355469e+00 -7.189018726348876953e-01 4.171914160251617432e-01 2.040131837129592896e-01 -1.198476910591125488e+00 -5.411930680274963379e-01
-2.478901892900466919e-01 3.149439394474029541e-01 7.177932560443878174e-02 1.031144857406616211e+00 1.464760452508926392e-01 -8.119775652885437012e-01 -1.730373054742813110e-01 1.388998180627822876e-01 2.971238493919372559e-01 4.431222975254058838e-01 -6.077191233634948730e-01 -2.885108888149261475e-01 8.685547858476638794e-02 7.825009226799011230e-01 -2.908499538898468018e-01 3.114877641201019287e-01
-8.661935478448867798e-02 6.257316470146179199e-02 3.181269392371177673e-02 5.675653219223022461e-01 -1.720438450574874878e-01 5.646022558212280273e-01 5.285995602607727051e-01 7.418549060821533203e-01 1.487575471401214600e-01 2.203736081719398499e-02 -5.640414953231811523e-01 -3.071370422840118408e-01 -7.398495078086853027e-01 9.540702104568481445e-01 6.942645311355590820e-01 -8.668658137321472168e-02
-2.659775614738464355e-01 -4.160758256912231445e-01 1.497364789247512817e-01 -4.114792346954345703e-01 7.782692462205886841e-02 -5.763860940933227539e-01 2.843920886516571045e-02 -1.377198845148086548e-01 -2.074489146471023560e-01 -1.459634304046630859e-01 -3.951145410537719727e-01 -6.121463775634765625e-01 2.693029642105102539e-01 -5.133640021085739136e-02 -5.377175752073526382e-03 -6.414325237274169922e-01
2.076312452554702759e-01 2.701823711395263672e-01 -2.500912845134735107e-01 -1.331743001937866211e-01 -7.980035543441772461e-01 3.289797306060791016e-01 -2.074259072542190552e-01 -1.561152338981628418e-01 3.900261223316192627e-01 3.616735637187957764e-01 -4.759694039821624756e-01 5.265198945999145508e-01 -1.936782598495483398e-01 -6.547911167144775391e-01 -8.089786022901535034e-02 -4.730781912803649902e-01
-5.025246739387512207e-01 2.331523448228836060e-01 -8.226436376571655273e-02 -6.581567525863647461e-01 -2.556735575199127197e-01 6.832482218742370605e-01 3.166477382183074951e-01 -6.232478618621826172e-01 -8.404147028923034668e-01 -6.049041450023651123e-02 -5.878339335322380066e-02 1.012415289878845215e-01 -7.051583528518676758e-01 1.615612506866455078e-01 9.872932732105255127e-02 1.973972320556640625e-01
-2.723716497421264648e-01 -6.762530207633972168e-01 -8.873835951089859009e-02 -6.358782649040222168e-01 1.436423212289810181e-01 -2.168942093849182129e-01 5.650049448013305664e-01 1.469620317220687866e-02 6.005562543869018555e-01 -1.719959639012813568e-02 7.892318069934844971e-02 -7.524848729372024536e-02 7.873150706291198730e-01 8.205938339233398438e-01 1.425002664327621460e-01 1.101500988006591797e+00
3.744314983487129211e-02 7.243621945381164551e-01 -4.039050266146659851e-02 -2.151188105344772339e-01 -3.476316034793853760e-01 6.653497219085693359e-01 4.471335709095001221e-01 4.628913700580596924e-01 4.645233154296875000e-01 -2.158881723880767822e-01 4.813852310180664062e-01 4.038216769695281982e-01 -1.486510634422302246e-01 4.199747443199157715e-01 7.220253348350524902e-01 1.308543980121612549e-01
-1.449768245220184326e-01 -8.079950809478759766e-01 9.756828546524047852e-01 -5.545527338981628418e-01 -1.009539961814880371e+00 1.625324845314025879e+00 4.379026889801025391e-01 -1.198033019900321960e-01 -8.573727309703826904e-02 -3.625088632106781006e-01 2.692703716456890106e-02 -8.105189800262451172e-01 -1.092320322990417480e+00 -7.622677087783813477e-01 1.075534701347351074e+00 5.495947599411010742e-01
-1.513734459877014160e-01 -3.864255249500274658e-01 -4.644142389297485352e-01 -2.312308102846145630e-01 -2.870125174522399902e-01 -3.774722814559936523e-01 1.181903183460235596e-01 -4.647131562232971191e-01 5.519729256629943848e-01 4.345658421516418457e-01 -8.278364539146423340e-01 -9.913343191146850586e-02 8.724399209022521973e-01 -2.659909129142761230e-01 6.072948575019836426e-01 4.036965668201446533e-01
-3.318617120385169983e-02 3.245832622051239014e-01 1.019711017608642578e+00 1.052587866783142090e+00 2.933231294155120850e-01 -3.523015081882476807e-01 5.500284433364868164e-01 6.641672253608703613e-01 -1.410692930221557617e-01 -1.218271329998970032e-01 -4.290009140968322754e-01 2.442080974578857422e-01 -3.230584561824798584e-01 1.184688508510589600e-01 -4.750609397888183594e-01 -2.271343916654586792e-01
-3.097647130489349365e-01 -1.487896740436553955e-01 -6.737338900566101074e-01 6.954732537269592285e-02 -5.789329111576080322e-02 -3.038168847560882568e-01 1.807295083999633789e-01 -6.140638589859008789e-01 -4.379964768886566162e-01 -4.852454364299774170e-01 5.909292399883270264e-02 -3.764293789863586426e-01 1.023269176483154297e+00 -1.428651511669158936e-01 -3.053158819675445557e-01 1.580265313386917114e-01
