-1.580097228288650513e-01 -1.439800579100847244e-02 -3.876404762268066406e-01 -9.746840596199035645e-01 -3.250664472579956055e-01 -4.913533106446266174e-02 -7.993248105049133301e-01 -1.920892149209976196e-01 -4.204482138156890869e-01 4.189219176769256592e-01 1.380843818187713623e-01 1.693290024995803833e-01 5.679574608802795410e-01 -2.064843624830245972e-01 1.233983486890792847e-01 2.550718188285827637e-01
-5.516968369483947754e-01 -7.603349685668945312e-01 1.371695995330810547e-01 -9.665901660919189453e-01 4.460786283016204834e-02 3.516943752765655518e-02 -4.539613425731658936e-02 8.103927969932556152e-02 -1.201900005340576172e+00 -6.709190011024475098e-01 -4.503604769706726074e-02 3.273088634014129639e-01 6.421707868576049805e-01 2.846387624740600586e-01 4.901459440588951111e-02 7.687764614820480347e-02
-1.656353920698165894e-01 -2.074737288057804108e-02 -3.483766913414001465e-01 -2.038334012031555176e-01 3.432229757308959961e-01 -2.273700684309005737e-01 -7.757840156555175781e-01 2.879979908466339111e-01 -9.320268779993057251e-02 8.601204752922058105e-01 3.194071352481842041e-01 1.873681396245956421e-01 -1.168544769287109375e+00 -4.979127049446105957e-01 -2.417099922895431519e-01 2.573428750038146973e-01
-1.836920529603958130e-01 -1.009678125381469727e+00 -1.137640550732612610e-01 -5.601629614830017090e-01 -8.687854409217834473e-01 1.035530492663383484e-01 -2.060604840517044067e-02 -1.803190708160400391e-01 -5.813918113708496094e-01 5.786686763167381287e-02 -1.759341508150100708e-01 -1.961693167686462402e-01 1.035896658897399902e+00 3.723835349082946777e-01 -8.534293174743652344e-01 -2.197435647249221802e-01
-9.283385872840881348e-01 1.832263827323913574e+00 2.857030928134918213e-01 -4.697987437248229980e-01 6.004397943615913391e-02 1.054002121090888977e-01 -9.261403232812881470e-02 2.024271339178085327e-01 9.989986568689346313e-02 -3.792731463909149170e-01 -4.399597644805908203e-01 1.399430483579635620e-01 3.802697062492370605e-01 -9.945739805698394775e-02 -2.633905410766601562e-01 2.671035528182983398e-01
5.919363722205162048e-02 2.629342675209045410e-01 -5.440244674682617188e-01 1.113422885537147522e-01 5.549159049987792969e-01 -3.234237730503082275e-01 2.125425040721893311e-01 -8.793887495994567871e-02 7.969981431961059570e-01 5.277361869812011719e-01 -1.826450675725936890e-01 -2.189414501190185547e-01 -9.388341307640075684e-01 -8.888481259346008301e-01 -7.114858031272888184e-01 1.203085482120513916e-01
7.180458903312683105e-01 -4.480281472206115723e-01 7.859851419925689697e-02 4.035256803035736084e-01 6.882014870643615723e-01 4.043551981449127197e-01 -3.547431528568267822e-01 -1.100872397422790527e+00 7.281360775232315063e-02 3.449413776397705078e-01 -1.248349621891975403e-01 8.777030706405639648e-01 -3.056432902812957764e-01 -5.710980892181396484e-01 1.906239688396453857e-01 5.136090144515037537e-02
3.996628224849700928e-01 1.071688085794448853e-01 -4.928736388683319092e-01 9.058842658996582031e-01 6.397983431816101074e-01 9.413203597068786621e-02 8.725236356258392334e-02 -2.106357514858245850e-01 5.447440743446350098e-01 -3.218328356742858887e-01 3.947288691997528076e-01 1.848039776086807251e-01 -6.029719710350036621e-01 -5.821939557790756226e-02 2.402424067258834839e-01 -1.639046221971511841e-01
6.206025481224060059e-01 -3.607948720455169678e-01 5.808262825012207031e-01 -1.373139917850494385e-01 -1.708301454782485962e-01 5.445935130119323730e-01 -3.477233648300170898e-01 1.154062300920486450e-01 -6.071194410324096680e-01 6.167337298393249512e-01 6.883330643177032471e-02 -9.385129809379577637e-02 8.204030990600585938e-01 3.879902958869934082e-01 -8.618440479040145874e-02 2.234117984771728516e-01
2.708787322044372559e-01 1.625420898199081421e-01 2.122982740402221680e-01 -7.002221941947937012e-01 8.146566338837146759e-03 2.178727984428405762e-01 -5.063205957412719727e-02 6.219985485076904297e-01 -8.441048264503479004e-01 -9.014676809310913086e-01 2.606764435768127441e-01 -4.006769359111785889e-01 4.074928462505340576e-01 1.706533432006835938e-01 2.841801643371582031e-01 2.234047353267669678e-01
-1.758787482976913452e-01 6.840195059776306152e-01 -3.118967115879058838e-01 -1.179937839508056641e+00 -5.261360481381416321e-02 -4.685184657573699951e-01 -1.622627377510070801e-01 4.401535093784332275e-01 -5.484587550163269043e-01 3.107313513755798340e-01 -7.619936466217041016e-01 -1.179486289620399475e-01 7.538725137710571289e-01 -2.954113185405731201e-01 -1.202600002288818359e-01 2.733235061168670654e-01
1.685502976179122925e-01 -6.169823557138442993e-02 1.792559325695037842e-01 -4.029861092567443848e-01 -4.447207152843475342e-01 -2.723533213138580322e-01 -6.183648109436035156e-01 -1.208302229642868042e-01 -4.225129783153533936e-01 1.926355063915252686e-01 -2.668065726757049561e-01 5.627329349517822266e-01 5.888808965682983398e-01 -4.112664163112640381e-01 -3.011227548122406006e-01 2.033376097679138184e-01
3.169175237417221069e-02 -3.673155903816223145e-01 9.148323535919189453e-02 6.304313540458679199e-01 4.540108442306518555e-01 -4.007236659526824951e-01 -3.725574314594268799e-01 -4.892746806144714355e-01 6.948477029800415039e-01 -1.026586443185806274e-01 9.176220297813415527e-01 7.419856637716293335e-02 -2.850546240806579590e-01 5.619655712507665157e-04 -1.038439348340034485e-01 1.848698705434799194e-01
3.409457504749298096e-01 -5.266285538673400879e-01 -2.563807368278503418e-01 -1.700078845024108887e-01 -6.315076351165771484e-01 -7.600512504577636719e-01 6.426969170570373535e-01 3.031277954578399658e-01 3.150667548179626465e-01 1.798068918287754059e-02 -1.076522946357727051e+00 -2.247099131345748901e-01 7.959613800048828125e-01 -1.045079231262207031e+00 5.370332002639770508e-01 -2.591221332550048828e-01
4.002260267734527588e-01 3.205568492412567139e-01 -4.157159030437469482e-01 -3.118402063846588135e-01 5.374879240989685059e-01 -1.814200729131698608e-01 -2.682228982448577881e-01 -4.257619008421897888e-02 2.686349749565124512e-01 7.146899104118347168e-01 -1.544396206736564636e-02 5.288822054862976074e-01 -1.307853817939758301e+00 -6.852031499147415161e-02 -7.001134753227233887e-01 2.426996268332004547e-02
-3.154860436916351318e-01 1.877549886703491211e-01 8.017669320106506348e-01 -8.433624505996704102e-01 -1.726496219635009766e-01 -4.017299041152000427e-03 3.092012405395507812e-01 -6.323054432868957520e-02 -4.244118034839630127e-01 8.531243540346622467e-03 -4.731761515140533447e-01 -3.753324598073959351e-02 -1.274644881486892700e-01 -1.140110015869140625e+00 4.017416834831237793e-01 1.660333424806594849e-01
