2.356168270111083984e+00 2.640781402587890625e-01 -1.279120922088623047e+00
-9.543688297271728516e-01 1.030277013778686523e+00 -1.209426641464233398e+00
-2.509497106075286865e-01 -5.068505406379699707e-01 1.333590507507324219e+00
-4.816532731056213379e-01 8.986426144838333130e-02 -1.156553745269775391e+00
6.304391473531723022e-02 -9.849961102008819580e-02 -8.887532353401184082e-01
2.597124278545379639e-01 -7.338807582855224609e-01 6.063709780573844910e-02
1.982183575630187988e+00 2.078630924224853516e-01 6.873855590820312500e-01
-1.810256242752075195e+00 2.760699689388275146e-01 8.942458033561706543e-01
9.178389906883239746e-01 4.671692848205566406e-01 -7.262423038482666016e-01
1.267618894577026367e+00 7.387429475784301758e-01 -1.425312906503677368e-01
1.917539954185485840e+00 3.939428329467773438e-01 -3.397903144359588623e-01
1.321890473365783691e+00 -3.210773169994354248e-01 -3.885188698768615723e-01
-1.448431491851806641e+00 -8.856223821640014648e-01 1.383519291877746582e+00
5.806697905063629150e-02 -3.392139971256256104e-01 -9.935927987098693848e-01
-1.036474347114562988e+00 -3.726742863655090332e-01 7.634881138801574707e-02
1.370224833488464355e+00 1.198891282081604004e+00 -5.744171738624572754e-01
