3.606778681278228760e-01 1.263457685708999634e-01 1.921809166669845581e-01 5.339513421058654785e-01 8.478768467903137207e-01 1.041826963424682617e+00 2.168588489294052124e-01 -2.417973130941390991e-01 3.464186191558837891e-01 -2.097534090280532837e-01 1.411685943603515625e-01 -3.657960891723632812e-01 2.069395221769809723e-02 -4.252414703369140625e-01
1.136766299605369568e-01 1.437903165817260742e+00 5.933984518051147461e-01 4.032700955867767334e-01 4.438018500804901123e-01 3.231870532035827637e-01 9.833730459213256836e-01 4.842123389244079590e-02 5.330805778503417969e-01 1.412736296653747559e+00 5.620074272155761719e-01 3.661918044090270996e-01 1.824713647365570068e-01 4.875302314758300781e-01
1.247254610061645508e+00 -2.960668876767158508e-03 7.515047490596771240e-02 6.955701112747192383e-01 2.589799165725708008e-01 1.129142522811889648e+00 1.368968963623046875e+00 -6.964772939682006836e-01 9.117022901773452759e-02 -5.838377475738525391e-01 6.820644736289978027e-01 1.159054934978485107e-01 1.353597402572631836e+00 -4.205043017864227295e-01
-7.903313636779785156e-01 8.693990707397460938e-01 -5.652516484260559082e-01 3.475733101367950439e-01 -2.324415594339370728e-01 -2.660653293132781982e-01 4.786057863384485245e-03 1.572885215282440186e-01 1.350656509399414062e+00 1.236955165863037109e+00 -4.104775190353393555e-01 1.124832749366760254e+00 4.347869455814361572e-01 1.587875723838806152e+00
-2.052906036376953125e+00 9.246416687965393066e-01 9.585720300674438477e-02 -4.844253659248352051e-01 5.527879595756530762e-01 -4.697962999343872070e-01 2.321434766054153442e-01 6.213416457176208496e-01 -4.587574303150177002e-01 1.933133363723754883e+00 -1.630659028887748718e-02 6.586682796478271484e-01 3.857765197753906250e-01 1.528423309326171875e+00
1.166345357894897461e+00 -8.437858223915100098e-01 1.763762474060058594e+00 -8.283427357673645020e-01 1.090744733810424805e+00 6.540861129760742188e-01 6.907084584236145020e-01 2.178764581680297852e+00 3.710349276661872864e-02 3.624635636806488037e-01 1.643826067447662354e-01 3.346829712390899658e-01 1.095442101359367371e-01 -1.043742775917053223e+00
2.576515197753906250e+00 -1.618923306465148926e+00 1.682781815528869629e+00 -5.378167629241943359e-01 -2.536750733852386475e-01 1.320313453674316406e+00 2.799365222454071045e-01 2.452627897262573242e+00 -6.403921842575073242e-01 -5.396630167961120605e-01 -5.977082625031471252e-02 -2.216297388076782227e-01 6.916481852531433105e-01 -8.249422907829284668e-01
-4.184533655643463135e-01 -3.099960386753082275e-01 5.524707585573196411e-02 9.412530660629272461e-01 7.540088295936584473e-01 5.468524619936943054e-02 5.212833359837532043e-02 -6.859264969825744629e-01 -5.179114937782287598e-01 -2.080944776535034180e-01 3.238860145211219788e-02 -8.045064806938171387e-01 7.039331793785095215e-01 1.209228754043579102e+00
1.194561958312988281e+00 3.398405313491821289e-01 2.491212844848632812e+00 -1.012415647506713867e+00 3.003137826919555664e+00 2.336112737655639648e+00 -4.316162467002868652e-01 3.822762370109558105e-01 -2.599325180053710938e-01 -1.184689998626708984e+00 2.712022304534912109e+00 -2.430742263793945312e+00 -1.651893377304077148e+00 -1.399440526962280273e+00
-9.282028079032897949e-01 1.099505782127380371e+00 -3.805555403232574463e-01 3.060835301876068115e-01 -8.376258611679077148e-01 -2.971534430980682373e-01 1.392752885818481445e+00 1.255125999450683594e+00 -1.034585714340209961e+00 1.327879548072814941e+00 -3.433155119419097900e-01 1.543375730514526367e+00 1.376219838857650757e-01 6.800117492675781250e-01
-5.241675376892089844e-01 -2.774622440338134766e-01 7.454345226287841797e-01 -2.836278080940246582e-01 3.878331482410430908e-01 5.185716748237609863e-01 6.532292813062667847e-02 4.677546024322509766e-01 -5.759894847869873047e-01 2.980234026908874512e-01 6.124745607376098633e-01 -4.436387717723846436e-01 7.171350717544555664e-01 8.213570713996887207e-01
