3.158958256244659424e-02 2.483986318111419678e-01 -6.288355588912963867e-01 -4.543190598487854004e-01 6.782968044281005859e-01 2.516278028488159180e-01 -2.584534883499145508e-01 5.313604697585105896e-02 4.579985141754150391e-01 -4.757656157016754150e-01 -9.026681184768676758e-01 -3.749630153179168701e-01 -3.942496478557586670e-01 2.103962451219558716e-01
-3.026599586009979248e-01 1.496575027704238892e-01 2.108665704727172852e-01 2.115116715431213379e-01 2.281836718320846558e-01 4.403394646942615509e-03 1.651105135679244995e-01 -3.707256317138671875e-01 -3.012241609394550323e-02 -1.837066709995269775e-01 -1.911409199237823486e-01 3.707269728183746338e-01 -5.040221214294433594e-01 3.630383610725402832e-01
-2.155243307352066040e-01 -5.723259449005126953e-01 4.198547005653381348e-01 -1.007996678352355957e+00 -7.035636901855468750e-02 -4.918425679206848145e-01 -7.667834311723709106e-02 -1.637137085199356079e-01 -1.147935748100280762e+00 9.532273411750793457e-01 3.715604245662689209e-01 8.537607789039611816e-01 -8.801597356796264648e-02 -5.269829928874969482e-02
1.412033557891845703e+00 -3.584930598735809326e-01 7.764955163002014160e-01 8.700016140937805176e-01 -2.879295051097869873e-01 5.257134437561035156e-01 -3.251434564590454102e-01 4.523759707808494568e-02 -1.118204966187477112e-01 -1.368360757827758789e+00 1.925476044416427612e-01 -4.256415367126464844e-01 1.868667900562286377e-01 9.125763773918151855e-01
1.877497136592864990e-01 1.516335964202880859e+00 -1.027195572853088379e+00 -1.428449600934982300e-01 -1.328721046447753906e-01 7.125326395034790039e-01 -4.998741447925567627e-01 -6.759145855903625488e-01 3.825708627700805664e-01 -1.868476986885070801e+00 -4.282937943935394287e-01 -1.548514842987060547e+00 7.488782703876495361e-02 8.896749019622802734e-01
-6.720544695854187012e-01 -2.096770048141479492e+00 1.200721144676208496e+00 -2.712492644786834717e-01 -1.494077205657958984e+00 -5.319465883076190948e-03 -9.628755450248718262e-01 -1.058288812637329102e+00 -3.585217297077178955e-01 1.561722159385681152e+00 1.454567193984985352e+00 -3.587664663791656494e-01 -1.065070986747741699e+00 -6.048938035964965820e-01
-1.073448419570922852e+00 -2.033126831054687500e+00 1.963291883468627930e+00 -3.042821586132049561e-01 -1.562372088432312012e+00 -5.819062143564224243e-02 -2.429408580064773560e-02 -1.633952021598815918e+00 -1.078662991523742676e+00 2.550520181655883789e+00 1.082217693328857422e+00 8.648751974105834961e-01 -1.657202243804931641e-01 -7.365964651107788086e-01
2.760179042816162109e-01 1.213857889175415039e+00 2.596585154533386230e-01 1.310827255249023438e+00 5.226539373397827148e-01 -1.798284798860549927e-01 5.462354049086570740e-02 6.201854944229125977e-01 4.581950604915618896e-02 4.229483008384704590e-01 2.207883298397064209e-01 3.147884905338287354e-01 -1.203257665038108826e-01 1.586127519607543945e+00
-1.912840962409973145e+00 1.443867206573486328e+00 -5.906644463539123535e-01 2.826667547225952148e+00 1.689742445945739746e+00 -2.860659360885620117e+00 2.368743419647216797e+00 1.115443110466003418e+00 2.600047588348388672e+00 1.366380929946899414e+00 -1.301782727241516113e+00 1.690211653709411621e+00 1.169566273689270020e+00 -1.378371715545654297e+00
-6.719116866588592529e-02 -1.280144214630126953e+00 4.992060065269470215e-01 -9.329348802566528320e-01 -1.906063705682754517e-01 1.136298656463623047e+00 -1.841260790824890137e+00 -9.105278849601745605e-01 -1.120420694351196289e+00 -1.229598149657249451e-01 6.081480905413627625e-02 -1.238266825675964355e+00 4.623254761099815369e-02 8.444605469703674316e-01
-5.137248039245605469e-01 -4.649447202682495117e-01 5.392319560050964355e-01 -4.548126459121704102e-01 -5.315543413162231445e-01 1.908313482999801636e-01 -6.352200508117675781e-01 -7.572785615921020508e-01 -6.418153643608093262e-01 1.062159687280654907e-01 5.344176292419433594e-01 -8.157202005386352539e-01 -7.732898592948913574e-01 4.233190119266510010e-01
