-3.596186637878417969e-02 -3.271198272705078125e-01 3.534439206123352051e-01 2.798440158367156982e-01 -8.757402896881103516e-01 1.366936136037111282e-02 6.015058606863021851e-02 1.364109804853796959e-03 3.510779514908790588e-02 5.632796287536621094e-01 6.260010004043579102e-01 7.291213274002075195e-01 1.244786307215690613e-01 -2.007847577333450317e-01
2.448662966489791870e-01 -6.751969456672668457e-01 1.795587316155433655e-02 -3.375934958457946777e-01 -4.224746227264404297e-01 -2.254138141870498657e-01 -3.245537877082824707e-01 6.446264386177062988e-01 4.011999070644378662e-02 -1.311754286289215088e-01 -9.707067161798477173e-02 -1.937171667814254761e-01 -4.307996630668640137e-01 7.043107599020004272e-02
-7.430821657180786133e-02 1.714884676039218903e-02 -4.805222153663635254e-02 -4.158116877079010010e-01 3.207902610301971436e-01 -3.498260676860809326e-02 3.102499544620513916e-01 1.036824379116296768e-02 -3.094682395458221436e-01 -5.152348428964614868e-02 -5.628199577331542969e-01 5.259058997035026550e-02 2.129816859960556030e-01 -3.338425159454345703e-01
-1.200622990727424622e-01 8.059681206941604614e-02 5.811312198638916016e-01 -1.127183958888053894e-01 1.069467980414628983e-02 9.963784366846084595e-02 2.332627959549427032e-02 2.943680062890052795e-02 -1.802475005388259888e-01 -2.756204307079315186e-01 -3.634956479072570801e-01 -2.614881098270416260e-01 -1.192196384072303772e-01 -2.042812667787075043e-02
-2.833268642425537109e-01 3.554887324571609497e-02 -3.160149455070495605e-01 -4.433244466781616211e-01 -3.719269856810569763e-02 -2.441838085651397705e-01 -2.901721894741058350e-01 -8.208547532558441162e-02 1.764231771230697632e-01 -6.545989960432052612e-02 -1.513660997152328491e-01 -8.437657356262207031e-02 2.844838798046112061e-01 -4.066596925258636475e-01
4.398339986801147461e-01 -1.646976023912429810e-01 -1.599703133106231689e-01 2.870357036590576172e-02 7.446064949035644531e-01 -1.373670846223831177e-01 9.820933640003204346e-02 1.499753743410110474e-01 2.548072636127471924e-01 7.537413835525512695e-01 -8.774372935295104980e-02 7.993661761283874512e-01 4.081883728504180908e-01 -2.592281438410282135e-02
3.436415195465087891e-01 5.099728703498840332e-01 1.559191495180130005e-01 -4.375120401382446289e-01 -5.988246202468872070e-01 1.426681131124496460e-01 -4.073022603988647461e-01 -4.515419602394104004e-01 1.732796132564544678e-01 1.503987163305282593e-01 7.864124774932861328e-01 -9.667939543724060059e-01 -2.964311838150024414e-02 2.003886550664901733e-02
-3.551944494247436523e-01 -2.657740116119384766e-01 6.265588998794555664e-01 -3.855523467063903809e-02 -2.045413851737976074e-01 3.751799166202545166e-01 -7.202981114387512207e-01 -5.516943335533142090e-01 -2.770463563501834869e-02 6.646548509597778320e-01 5.462685227394104004e-01 4.929093420505523682e-01 1.762205921113491058e-02 1.564203947782516479e-01
-1.907902210950851440e-01 2.392813563346862793e-01 -3.965348005294799805e-01 9.346302598714828491e-02 -3.586800992488861084e-01 -1.030703037977218628e-01 -7.861041277647018433e-02 5.883348584175109863e-01 -3.878943920135498047e-01 1.012292981147766113e+00 -7.286446541547775269e-02 -2.377537637948989868e-01 -1.217561960220336914e-01 2.188896387815475464e-01
1.514637321233749390e-01 -1.441788077354431152e-01 -3.100258409976959229e-01 -3.001725077629089355e-01 -1.144816875457763672e-01 9.667290747165679932e-02 1.096689477562904358e-01 1.629363596439361572e-01 -4.091206192970275879e-01 -4.948853850364685059e-01 -7.762336730957031250e-02 2.921006381511688232e-01 5.179846286773681641e-01 3.211744725704193115e-01
-4.240484535694122314e-01 -3.189591765403747559e-01 -1.891663372516632080e-01 -3.787450790405273438e-01 -4.621291905641555786e-02 4.985258579254150391e-01 2.830828130245208740e-01 3.492541313171386719e-01 3.643155395984649658e-01 3.841629624366760254e-01 4.446983933448791504e-01 1.703790575265884399e-01 6.427990645170211792e-02 4.643233492970466614e-02
2.621212899684906006e-01 -7.180042564868927002e-02 3.262839913368225098e-01 -2.129025012254714966e-01 3.127155005931854248e-01 -6.198444217443466187e-02 4.147810488939285278e-02 2.586125135421752930e-01 -2.546412646770477295e-01 -7.505614310503005981e-02 8.662248849868774414e-01 -2.471875995397567749e-01 -6.348909437656402588e-02 -1.900727152824401855e-01
-1.613807380199432373e-01 1.574016809463500977e-01 6.979854702949523926e-01 -9.953647106885910034e-02 -2.698038220405578613e-01 -2.709334790706634521e-01 -1.361717879772186279e-01 3.771192133426666260e-01 5.826447010040283203e-01 3.121492564678192139e-01 2.920230031013488770e-01 -1.290559023618698120e-01 5.957205593585968018e-02 4.283427298069000244e-01
-3.188488781452178955e-01 -4.850927293300628662e-01 -2.922994457185268402e-02 7.404923439025878906e-02 4.153601527214050293e-01 -1.991332918405532837e-01 -8.991811424493789673e-02 -1.506887078285217285e-01 -1.474296599626541138e-01 -2.055185288190841675e-01 -2.886243164539337158e-01 -4.068273305892944336e-01 5.582125186920166016e-01 1.176962256431579590e-01
