2.429446578025817871e-01 -2.451188489794731140e-02 1.814883798360824585e-01 4.760430455207824707e-01 -2.248140126466751099e-01 1.114005684852600098e+00 4.639356732368469238e-01 -2.772237956523895264e-01 8.022413253784179688e-01 -2.739221751689910889e-01 1.653733104467391968e-01 -3.848829865455627441e-01 4.768345654010772705e-01 1.421937812119722366e-02
-2.170076593756675720e-02 7.777466177940368652e-01 -3.767697215080261230e-01 1.032095909118652344e+00 -1.900398284196853638e-01 1.283615529537200928e-01 9.472392201423645020e-01 -2.512358427047729492e-01 7.596189975738525391e-01 1.220520853996276855e+00 -4.771340787410736084e-01 3.596994653344154358e-02 -6.391745805740356445e-01 8.411733508110046387e-01
1.238270282745361328e+00 -6.663175821304321289e-01 -1.102935969829559326e-01 -3.295655250549316406e-01 7.727770507335662842e-02 1.343548774719238281e+00 5.462074875831604004e-01 7.857912033796310425e-02 -7.237089276313781738e-01 -1.626525282859802246e+00 -8.095031231641769409e-02 -1.938483715057373047e-01 6.164715290069580078e-01 3.820395469665527344e-01
-1.221961736679077148e+00 1.764919519424438477e+00 -1.088955521583557129e+00 4.808815717697143555e-01 -4.385906457901000977e-01 4.135963618755340576e-01 5.076627731323242188e-01 -1.768234074115753174e-01 1.224268078804016113e+00 6.004305481910705566e-01 -4.981379210948944092e-01 6.053394675254821777e-01 6.060215234756469727e-01 1.360042691230773926e+00
-1.337616562843322754e+00 9.829649329185485840e-01 -4.649672508239746094e-01 -1.593868881464004517e-01 9.168175607919692993e-02 -6.422075629234313965e-01 -2.027892768383026123e-01 1.939627341926097870e-02 4.736581444740295410e-02 1.607904434204101562e+00 4.832667708396911621e-01 2.559092342853546143e-01 -5.739133954048156738e-01 1.400563955307006836e+00
1.640850305557250977e+00 -7.565542459487915039e-01 1.707115888595581055e+00 -4.708935022354125977e-01 1.266558170318603516e+00 3.224177062511444092e-01 -1.512607634067535400e-01 2.009218454360961914e+00 4.820736050605773926e-01 7.544101476669311523e-01 4.085412323474884033e-01 2.155027538537979126e-01 3.776611387729644775e-01 -8.940815925598144531e-01
1.232711791992187500e+00 -1.850828051567077637e+00 9.664944410324096680e-01 -9.254972934722900391e-01 4.845528304576873779e-01 5.295850634574890137e-01 4.397097229957580566e-01 2.028749704360961914e+00 -6.413109600543975830e-02 2.518579065799713135e-01 1.576158106327056885e-01 -5.168318152427673340e-01 4.116699099540710449e-01 -7.561221122741699219e-01
-3.473637104034423828e-01 2.759101986885070801e-01 3.186390697956085205e-01 7.586895227432250977e-01 7.838617563247680664e-01 -8.099521696567535400e-02 -5.595931410789489746e-02 -5.670712590217590332e-01 -7.862601876258850098e-01 1.623470038175582886e-01 8.532295376062393188e-02 -2.694087028503417969e-01 -3.751718103885650635e-01 3.357067108154296875e-01
2.496687889099121094e+00 2.368051052093505859e+00 2.433396100997924805e+00 -1.175687015056610107e-01 3.230288982391357422e+00 2.638914108276367188e+00 -1.510379672050476074e+00 -5.821946263313293457e-01 4.026046991348266602e-01 -6.819574236869812012e-01 4.281900405883789062e+00 -2.776568412780761719e+00 -3.348531484603881836e+00 -2.109441995620727539e+00
-1.857058554887771606e-01 -1.568356342613697052e-02 -4.315327405929565430e-01 -3.873110562562942505e-02 -1.563537120819091797e+00 -4.093566834926605225e-01 1.276909947395324707e+00 1.409206867218017578e+00 -1.093720436096191406e+00 1.678788542747497559e+00 -1.782206416130065918e+00 1.807254195213317871e+00 9.382873773574829102e-01 1.854012012481689453e+00
1.190184354782104492e+00 1.589831113815307617e-01 4.752956628799438477e-01 1.033152043819427490e-01 6.415447592735290527e-01 4.038977622985839844e-01 -3.395070135593414307e-02 9.121300578117370605e-01 -2.145199030637741089e-01 -2.397469282150268555e-01 9.091938734054565430e-01 -2.358745485544204712e-01 1.126181244850158691e+00 3.474900126457214355e-01
