2.821502089500427246e-01 1.211420968174934387e-01 -1.339701712131500244e-01 7.969136238098144531e-01 6.324171423912048340e-01 -8.491524308919906616e-02 -2.002792358398437500e-01 1.210414394736289978e-01 3.595961332321166992e-01 -2.025259193032979965e-03 -4.782301783561706543e-01 7.118140161037445068e-02 2.994419336318969727e-01 1.305562108755111694e-01
-5.615352839231491089e-02 3.009673357009887695e-01 1.065171286463737488e-01 -4.902137070894241333e-02 4.172998070716857910e-01 3.223214745521545410e-01 -2.778723239898681641e-01 -2.867428362369537354e-01 -3.538515567779541016e-01 -2.317928671836853027e-01 3.127453029155731201e-01 2.315663732588291168e-03 4.712993204593658447e-01 -3.229887038469314575e-02
-1.334221102297306061e-02 5.326855778694152832e-01 1.519658714532852173e-01 5.261744856834411621e-01 3.922694027423858643e-01 -1.305563598871231079e-01 8.031770586967468262e-02 2.524202466011047363e-01 -8.015809208154678345e-02 -4.688048362731933594e-01 6.264234334230422974e-02 -5.372145771980285645e-01 -1.622298955917358398e-01 -4.149744212627410889e-01
2.985903918743133545e-01 2.521246075630187988e-01 -3.814046084880828857e-01 -2.943809628486633301e-01 2.489958144724369049e-02 -4.672712683677673340e-01 5.778759717941284180e-01 -6.785459071397781372e-02 2.435608059167861938e-01 -3.738625943660736084e-01 3.614360690116882324e-01 -1.420559734106063843e-02 5.389569401741027832e-01 4.177832305431365967e-01
2.014262974262237549e-02 2.598241157829761505e-02 3.758469521999359131e-01 -1.953019350767135620e-01 -2.039544284343719482e-01 -5.504545569419860840e-01 -5.080186724662780762e-01 -6.450251676142215729e-03 1.021641194820404053e-01 -3.320180773735046387e-01 -1.834934353828430176e-01 -1.746550053358078003e-01 1.844466477632522583e-01 5.538454651832580566e-01
2.002693414688110352e-01 -8.750117570161819458e-02 -2.072295174002647400e-02 -4.304710924625396729e-01 3.977080881595611572e-01 -1.081250309944152832e-01 -3.277774453163146973e-01 -3.234210312366485596e-01 2.083840221166610718e-02 -4.234144091606140137e-01 2.514269948005676270e-01 -5.994219183921813965e-01 1.779441908001899719e-02 3.863457739353179932e-01
-2.414738088846206665e-01 4.658510908484458923e-02 -1.608733832836151123e-01 5.812074542045593262e-01 2.795107960700988770e-01 2.913938462734222412e-01 6.820064038038253784e-02 -1.066099014133214951e-02 -7.676692008972167969e-01 2.793520390987396240e-01 2.027216367423534393e-03 -1.067110449075698853e-01 7.131019979715347290e-02 4.509316980838775635e-01
6.612358987331390381e-02 4.109474420547485352e-01 1.841793805360794067e-01 2.934693992137908936e-01 6.292900443077087402e-01 1.666845828294754028e-01 2.023439556360244751e-01 -4.103039205074310303e-01 3.082247078418731689e-02 -1.190454065799713135e-01 -2.384507358074188232e-01 7.227938771247863770e-01 -4.189466536045074463e-01 6.612866371870040894e-02
-1.773684173822402954e-01 3.881233185529708862e-02 -3.397618830204010010e-01 6.696174740791320801e-01 -6.588348150253295898e-01 -2.806578874588012695e-01 -2.222961485385894775e-01 7.913793623447418213e-02 -2.578290700912475586e-01 -7.323295474052429199e-01 3.522390425205230713e-01 2.255039662122726440e-01 -2.399542033672332764e-01 1.280993819236755371e-01
-1.951632052659988403e-01 2.964912950992584229e-01 3.653460741043090820e-01 4.103184938430786133e-01 4.542795121669769287e-01 2.843734920024871826e-01 6.851257681846618652e-01 2.329888939857482910e-01 2.023033648729324341e-01 1.084514055401086807e-02 -9.456218034029006958e-02 1.831840351223945618e-02 -6.569931656122207642e-02 4.845053553581237793e-01
3.871318399906158447e-01 -4.779602885246276855e-01 2.343939989805221558e-01 5.613126158714294434e-01 5.027009248733520508e-01 -2.911646477878093719e-02 2.744396589696407318e-02 -3.031089901924133301e-01 6.942718625068664551e-01 -7.525734603404998779e-02 3.574561178684234619e-01 9.794832766056060791e-02 -1.779297143220901489e-01 -3.545670583844184875e-02
-4.251174032688140869e-01 -1.632504165172576904e-02 -2.985657751560211182e-01 8.989416994154453278e-03 2.751744985580444336e-01 1.952165663242340088e-01 4.455970600247383118e-02 5.765138268470764160e-01 2.553251087665557861e-01 -5.152789354324340820e-01 -2.504561096429824829e-02 3.734087944030761719e-01 2.343604266643524170e-01 1.009230464696884155e-01
2.962851226329803467e-01 3.435364365577697754e-01 -3.227035999298095703e-01 3.062305152416229248e-01 6.245784163475036621e-01 2.114494442939758301e-01 -4.544778261333703995e-03 5.398735404014587402e-01 7.271687686443328857e-02 3.131131231784820557e-01 3.825547993183135986e-01 1.170869916677474976e-01 -3.523960709571838379e-01 1.706714779138565063e-01
5.229068398475646973e-01 -2.634771168231964111e-01 4.303161054849624634e-02 -4.947748482227325439e-01 1.770306006073951721e-02 3.453311510384082794e-03 -1.597883366048336029e-02 3.544015884399414062e-01 -1.299296915531158447e-01 -1.199359297752380371e-01 -3.038059473037719727e-01 1.511328667402267456e-01 -2.486481219530105591e-01 2.127563506364822388e-01
