-3.914752900600433350e-01 -1.070643544197082520e+00 6.901823282241821289e-01 -1.511388301849365234e+00 -4.034045338630676270e-01 -1.231676936149597168e+00 -5.924139618873596191e-01 -7.084067165851593018e-02 -7.028246521949768066e-01 -4.004970565438270569e-02 -5.503842234611511230e-01 -2.129970192909240723e-01 1.385072022676467896e-01 9.926176071166992188e-02
1.670852601528167725e-01 8.797225356101989746e-01 -2.434020340442657471e-01 5.632774233818054199e-01 -4.321161806583404541e-01 2.633718550205230713e-01 -1.892150491476058960e-01 2.938745915889739990e-01 -4.151920378208160400e-01 -6.043105199933052063e-02 -9.756424278020858765e-02 -3.369677364826202393e-01 1.075601577758789062e-01 2.811281979084014893e-01
-5.367417931556701660e-01 4.011195600032806396e-01 -1.636532694101333618e-01 -4.392544329166412354e-01 5.632082223892211914e-01 -2.590511441230773926e-01 9.170553088188171387e-02 -4.826532602310180664e-01 -9.189482331275939941e-01 7.820240855216979980e-01 1.969907134771347046e-01 9.065726399421691895e-02 7.854332774877548218e-02 -1.025225043296813965e+00
-8.514084666967391968e-02 6.985945701599121094e-01 1.804818660020828247e-01 4.396756887435913086e-01 1.541771590709686279e-01 7.350304126739501953e-01 5.410958826541900635e-02 2.239268869161605835e-01 6.239545941352844238e-01 -6.852781772613525391e-01 -3.471126854419708252e-01 -2.724630236625671387e-01 -2.537502050399780273e-01 1.462501585483551025e-01
1.108001098036766052e-01 2.237699925899505615e-01 -2.900734245777130127e-01 7.468786239624023438e-01 -3.305918574333190918e-01 3.155055046081542969e-01 -1.917766779661178589e-01 -2.557308971881866455e-01 -3.816166659817099571e-03 -7.271959185600280762e-01 -3.522009551525115967e-01 4.736101031303405762e-01 -2.098345160484313965e-01 2.062125504016876221e-01
1.439130902290344238e-01 -5.672550797462463379e-01 4.186081588268280029e-01 -1.193905234336853027e+00 -3.879534900188446045e-01 -3.064299523830413818e-01 -3.966811597347259521e-01 9.791520982980728149e-02 2.476007193326950073e-01 5.479181408882141113e-01 3.135323524475097656e-01 -8.553504198789596558e-02 -2.336305379867553711e-01 -7.132258415222167969e-01
-9.331784248352050781e-01 3.900151848793029785e-01 4.756650030612945557e-01 8.209485411643981934e-01 -9.544719755649566650e-02 1.652564257383346558e-01 6.297922134399414062e-02 -1.406638175249099731e-01 2.417891174554824829e-01 -6.014438346028327942e-02 5.559968948364257812e-02 6.721524000167846680e-01 5.101526379585266113e-01 4.839640557765960693e-01
-8.772310018539428711e-01 -4.643801152706146240e-01 -2.859172224998474121e-01 -1.099392533302307129e+00 -3.106411099433898926e-01 -1.451809108257293701e-01 -6.754137873649597168e-01 1.684424579143524170e-01 1.646371036767959595e-01 1.696629822254180908e-01 -1.108323633670806885e-01 -8.942851424217224121e-02 2.289878129959106445e-01 1.385859698057174683e-01
4.578670859336853027e-01 2.713639140129089355e-01 -1.210678145289421082e-01 1.246635541319847107e-01 -2.849062681198120117e-01 5.506545305252075195e-01 6.815443634986877441e-01 4.578948616981506348e-01 5.372794866561889648e-01 -7.405379414558410645e-01 -2.664901614189147949e-01 5.442377924919128418e-01 6.238537430763244629e-01 1.220495998859405518e-01
1.874762959778308868e-02 -6.430809497833251953e-01 -4.088547527790069580e-01 -1.899190098047256470e-01 -4.043572545051574707e-01 -6.016640737652778625e-02 1.155431494116783142e-01 -2.135770022869110107e-01 -7.345796823501586914e-01 3.241531252861022949e-01 -7.515265345573425293e-01 3.595406413078308105e-01 -5.992406234145164490e-02 2.857382893562316895e-01
-7.115833163261413574e-01 -9.974288344383239746e-01 -2.594741284847259521e-01 -4.902317523956298828e-01 -8.235464803874492645e-03 -5.729406476020812988e-01 -3.703952133655548096e-01 4.368895888328552246e-01 -4.422720670700073242e-01 -6.471726298332214355e-02 -1.042454540729522705e-01 3.219500929117202759e-02 2.701101303100585938e-01 -2.946166694164276123e-01
-2.605464756488800049e-01 -5.176994204521179199e-01 2.461486458778381348e-01 -1.369525045156478882e-01 5.484029278159141541e-02 -1.501355972141027451e-02 3.096373081207275391e-01 7.045698165893554688e-01 -1.278072595596313477e-01 5.165516734123229980e-01 1.325925290584564209e-01 9.619950652122497559e-01 4.525149613618850708e-02 4.421820342540740967e-01
-5.431766435503959656e-02 -5.564544200897216797e-01 -1.396430656313896179e-02 -4.808243513107299805e-01 1.392862349748611450e-01 -8.155832886695861816e-01 -8.720855712890625000e-01 1.202161982655525208e-01 9.625606238842010498e-02 2.128494232892990112e-01 -4.204187989234924316e-01 6.128362417221069336e-01 4.334393441677093506e-01 3.100928664207458496e-01
6.437452882528305054e-02 1.038083314895629883e+00 -1.924078166484832764e-01 4.192086458206176758e-01 4.900002777576446533e-01 3.030883381143212318e-03 3.233807086944580078e-01 8.532618731260299683e-02 1.362700015306472778e-01 -2.110409438610076904e-01 2.547886669635772705e-01 -1.823249459266662598e-01 -6.420390605926513672e-01 3.707742094993591309e-01
