-5.144270658493041992e-01 -2.973767220973968506e-01 5.082454159855842590e-02 -2.243186235427856445e-01 -4.603183567523956299e-01 -9.884648323059082031e-01 -4.128109216690063477e-01 -4.113991856575012207e-01 -2.970258295536041260e-01 1.359848678112030029e-01 1.380650997161865234e-01 -2.001285254955291748e-01 -3.217100799083709717e-01 -2.191832065582275391e-01
-5.590365529060363770e-01 -1.415643393993377686e-01 -2.586277201771736145e-03 -3.248082697391510010e-01 -5.872969031333923340e-01 -3.259523510932922363e-01 6.357362866401672363e-01 -6.411813497543334961e-01 -4.369964003562927246e-01 -2.725499570369720459e-01 -4.570207297801971436e-01 -3.483352363109588623e-01 -2.800368070602416992e-01 -2.412439696490764618e-02
7.473340034484863281e-01 -5.795093178749084473e-01 -8.912605643272399902e-01 -3.689962029457092285e-01 -1.225746154785156250e+00 1.838086694478988647e-01 -8.576099574565887451e-02 -1.207629777491092682e-02 -2.199294418096542358e-01 -3.898077607154846191e-01 -2.230224907398223877e-01 -4.267547428607940674e-01 5.802881121635437012e-01 4.248942807316780090e-02
-1.464653372764587402e+00 1.971471756696701050e-01 -4.610208421945571899e-02 -1.248383745551109314e-01 2.206577546894550323e-02 -5.922819674015045166e-02 1.218060016632080078e+00 -3.553106188774108887e-01 2.488773018121719360e-01 9.953287243843078613e-02 -8.754363656044006348e-02 1.425715565681457520e+00 9.908916950225830078e-01 8.398666381835937500e-01
-5.999867990612983704e-02 -4.937703311443328857e-01 -1.386198252439498901e-01 -8.838423490524291992e-01 4.456977546215057373e-02 -2.683591544628143311e-01 -8.015795052051544189e-02 -3.599395155906677246e-01 -5.906277298927307129e-01 7.587011456489562988e-01 4.042604565620422363e-02 -5.358633399009704590e-01 -3.721147477626800537e-01 -7.212173938751220703e-02
1.544588953256607056e-01 -7.783206552267074585e-02 -4.322730302810668945e-01 -5.393577814102172852e-01 -7.623230572789907455e-03 -2.408865541219711304e-01 -6.368767619132995605e-01 -5.384303927421569824e-01 1.018159091472625732e-01 -8.334733545780181885e-02 3.284853100776672363e-01 -1.037153601646423340e+00 -6.629419326782226562e-02 1.356316953897476196e-01
-4.886076450347900391e-01 -3.078205287456512451e-01 2.023984193801879883e-01 -5.549074411392211914e-01 4.183786213397979736e-01 -3.144652545452117920e-01 -4.404324591159820557e-01 -6.969010233879089355e-01 -3.660052120685577393e-01 -1.459231972694396973e-01 4.200802743434906006e-01 -1.654175072908401489e-01 -1.329601705074310303e-01 3.376733884215354919e-02
2.915513217449188232e-01 -4.040180146694183350e-01 3.090225160121917725e-01 3.742355406284332275e-01 3.513464927673339844e-01 3.547831475734710693e-01 -3.384037613868713379e-01 -6.891332268714904785e-01 1.908673159778118134e-02 -4.071609377861022949e-01 1.662955284118652344e-01 -8.869516253471374512e-01 5.925979018211364746e-01 1.156725645065307617e+00
1.682713985443115234e+00 6.039540171623229980e-01 4.306609928607940674e-02 -8.831748962402343750e-01 2.344454288482666016e+00 5.313463211059570312e-01 -2.742733478546142578e+00 -1.619067072868347168e+00 -6.479056477546691895e-01 -1.325053334236145020e+00 3.495533943176269531e+00 -2.849933385848999023e+00 -2.468408823013305664e+00 -1.804022550582885742e+00
-5.223526358604431152e-01 -9.252119064331054688e-01 -9.796522259712219238e-01 -8.369764089584350586e-01 -1.714030385017395020e+00 -1.515894412994384766e+00 3.477099537849426270e-01 7.305192947387695312e-01 -2.363849133253097534e-01 9.128951430320739746e-01 -7.523799538612365723e-01 2.665875852108001709e-01 5.785430967807769775e-02 9.674420207738876343e-02
3.095076084136962891e-01 -6.986984014511108398e-01 -1.267231702804565430e+00 -1.257837653160095215e+00 -8.345018029212951660e-01 2.858684360980987549e-01 -6.059647798538208008e-01 -2.680832743644714355e-01 -3.690556883811950684e-01 -2.779675722122192383e-01 5.895239710807800293e-01 -8.787719011306762695e-01 7.739370465278625488e-01 7.710535824298858643e-02
