-2.424636036157608032e-01 -5.415219068527221680e-01 5.138617753982543945e-01 -6.470413804054260254e-01 -5.284205675125122070e-01 -9.509683251380920410e-01 -3.511450588703155518e-01 3.027262985706329346e-01 -4.326379001140594482e-01 1.686481535434722900e-01 9.883421659469604492e-02 -4.455317556858062744e-01 -4.856252297759056091e-02 -8.203272521495819092e-02
2.901883125305175781e-01 -1.034128367900848389e-01 5.103948712348937988e-01 5.655305981636047363e-01 1.759597659111022949e-01 6.621416807174682617e-01 3.083022683858871460e-02 -6.223336458206176758e-01 -4.434466361999511719e-02 -4.983137845993041992e-01 1.265313476324081421e-01 -3.660173118114471436e-01 -1.435770690441131592e-01 -2.980050146579742432e-01
-5.750643610954284668e-01 -3.150220811367034912e-01 -5.028221011161804199e-01 -3.896152079105377197e-01 -1.012755334377288818e-01 5.320892930030822754e-01 8.873880654573440552e-02 -1.703273355960845947e-01 -1.194363832473754883e-01 -2.436672449111938477e-01 1.319049000740051270e-01 -2.302537560462951660e-01 1.563365757465362549e-01 -2.095217257738113403e-01
-3.501499891281127930e-01 9.675536304712295532e-02 -4.773600958287715912e-03 8.847604505717754364e-03 3.212609291076660156e-01 4.562796354293823242e-01 -1.446825116872787476e-01 -2.374870330095291138e-01 1.953399777412414551e-01 -7.437325716018676758e-01 -2.068052440881729126e-02 -1.114920303225517273e-01 -5.207129120826721191e-01 4.856847226619720459e-01
2.121094316244125366e-01 8.293703943490982056e-02 -4.725062549114227295e-01 7.740404605865478516e-01 7.552473247051239014e-02 6.689319610595703125e-01 -6.753290444612503052e-02 -5.536412075161933899e-02 -1.359486728906631470e-01 1.066747978329658508e-01 -4.083793163299560547e-01 -7.147572636604309082e-01 4.718818888068199158e-02 2.181700915098190308e-01
-9.890124201774597168e-02 -1.903398782014846802e-01 6.459691524505615234e-01 -1.291868805885314941e+00 1.877481192350387573e-01 -1.348734050989151001e-01 -5.615103244781494141e-01 4.563948512077331543e-01 -1.090952455997467041e-01 2.450475692749023438e-01 9.411606937646865845e-02 2.363165020942687988e-01 2.808051407337188721e-01 -7.717735767364501953e-01
4.505128785967826843e-02 -2.514976263046264648e-01 5.169555544853210449e-02 5.830066651105880737e-02 3.563075661659240723e-01 3.596267402172088623e-01 1.594845652580261230e-01 3.878695964813232422e-01 -2.517897784709930420e-01 -4.302499890327453613e-01 5.512258410453796387e-01 6.445263326168060303e-02 2.153400331735610962e-01 3.064125776290893555e-01
1.038986667990684509e-01 5.298576354980468750e-01 6.285418272018432617e-01 -5.506867766380310059e-01 7.351442426443099976e-02 -2.497532665729522705e-01 4.743874073028564453e-01 5.201061964035034180e-01 2.332139201462268829e-02 2.833417952060699463e-01 4.981678444892168045e-03 -1.286698579788208008e-01 -9.740983694791793823e-02 4.186336323618888855e-02
3.629536926746368408e-01 -4.641352891921997070e-01 -3.031212091445922852e-01 2.181900590658187866e-01 -3.591516911983489990e-01 2.266039103269577026e-01 5.909481048583984375e-01 -1.618828773498535156e-01 2.867526710033416748e-01 3.291936218738555908e-01 4.594390988349914551e-01 2.709106504917144775e-01 -3.777989447116851807e-01 -4.473299086093902588e-01
2.207324504852294922e-01 -4.519183337688446045e-01 -4.168012738227844238e-02 5.649070814251899719e-02 2.138974219560623169e-01 1.612951629795134068e-03 -2.542970478534698486e-01 2.552198171615600586e-01 4.376919940114021301e-02 4.444652795791625977e-01 5.806908607482910156e-01 3.765153288841247559e-01 -4.410265386104583740e-02 1.714218258857727051e-01
-2.049527466297149658e-01 9.109573066234588623e-02 5.723946914076805115e-02 -9.187348484992980957e-01 5.038433074951171875e-01 -7.552163004875183105e-01 -2.053114175796508789e-01 -9.115446358919143677e-02 -3.010905385017395020e-01 5.461213737726211548e-02 7.485092282295227051e-01 2.545456029474735260e-02 -7.073260843753814697e-02 -5.041185021400451660e-01
3.122616708278656006e-01 4.387418553233146667e-02 -3.696822524070739746e-01 7.092984318733215332e-01 -7.701002061367034912e-02 -2.563069164752960205e-01 3.127187862992286682e-02 4.500163495540618896e-01 -3.076087236404418945e-01 6.153003871440887451e-02 -7.456362992525100708e-02 6.064395904541015625e-01 -1.568021178245544434e-01 -1.703323572874069214e-01
4.357477277517318726e-02 -7.352337837219238281e-01 -5.406026169657707214e-02 -4.634654819965362549e-01 1.588780581951141357e-01 -6.569361686706542969e-01 -2.872923947870731354e-02 2.168752253055572510e-01 3.297709822654724121e-01 1.192650794982910156e-01 -2.060642391443252563e-01 -7.528749853372573853e-02 1.615838110446929932e-01 -5.480163097381591797e-01
-2.242175489664077759e-02 -2.368687540292739868e-01 -1.408319771289825439e-01 3.272794485092163086e-01 5.131367444992065430e-01 2.795569598674774170e-01 4.733617305755615234e-01 -1.661494821310043335e-01 -7.737740874290466309e-02 2.187735289335250854e-01 -5.550044775009155273e-01 -2.734171152114868164e-01 2.320721745491027832e-01 1.620028614997863770e-01
