-1.482279300689697266e+00 -6.227352097630500793e-02 -8.883350491523742676e-01 -1.236800849437713623e-01 -5.977941155433654785e-01 -5.290531516075134277e-01 -2.757023572921752930e-01 -5.849878191947937012e-01 -5.716131925582885742e-01 -2.337589114904403687e-01 -4.214115068316459656e-02 -6.945109367370605469e-01 -1.017721176147460938e+00 -5.524417757987976074e-01
1.655749559402465820e+00 5.796832591295242310e-02 8.559072017669677734e-01 2.144899964332580566e-01 1.060789227485656738e-01 2.048367410898208618e-01 -1.003546357154846191e+00 5.978088378906250000e-01 1.819371938705444336e+00 -5.056614875793457031e-01 5.939149260520935059e-01 7.538438439369201660e-01 -1.085237145423889160e+00 1.391883373260498047e+00
2.500272691249847412e-01 4.193416833877563477e-01 2.778623700141906738e-01 1.146596670150756836e-01 -5.598781704902648926e-01 -1.728755086660385132e-01 6.683930754661560059e-01 -9.779840707778930664e-02 -4.503888785839080811e-01 6.867698431015014648e-01 4.387580454349517822e-01 5.985805392265319824e-01 2.094740569591522217e-01 -6.776196360588073730e-01
1.361176490783691406e+00 9.637645483016967773e-01 1.851620823144912720e-01 2.926199734210968018e-01 -2.994355261325836182e-01 1.506614536046981812e-01 -4.763201773166656494e-01 -5.065124034881591797e-01 1.299928188323974609e+00 -1.193766713142395020e+00 -3.012220263481140137e-01 8.226095885038375854e-02 -5.028197169303894043e-01 4.500792324542999268e-01
1.590683221817016602e+00 -3.059228658676147461e-01 7.982894778251647949e-01 -2.067050188779830933e-01 5.675953626632690430e-01 8.758934587240219116e-02 -3.567936718463897705e-01 1.166407316923141479e-01 5.426906943321228027e-01 -4.878090023994445801e-01 -9.345911145210266113e-01 3.095176815986633301e-01 -5.776422023773193359e-01 6.751654148101806641e-01
-9.329074025154113770e-01 7.116759419441223145e-01 -8.566252589225769043e-01 2.081722393631935120e-02 -7.467525005340576172e-01 -6.583110094070434570e-01 1.449135392904281616e-01 1.791299134492874146e-01 9.456167817115783691e-01 6.162568926811218262e-01 -8.413255959749221802e-02 -4.678937792778015137e-01 3.858600258827209473e-01 -1.311780959367752075e-01
5.470762252807617188e-01 -2.149241864681243896e-01 -2.871847748756408691e-01 -4.515812397003173828e-01 6.782671809196472168e-02 7.050263881683349609e-01 2.802366316318511963e-01 -4.413177669048309326e-01 1.318628340959548950e-01 6.146789789199829102e-01 -5.702897310256958008e-01 -4.096562787890434265e-02 6.174313649535179138e-02 -8.586374521255493164e-01
-1.122347712516784668e+00 -3.999446928501129150e-01 7.910714484751224518e-03 -4.549923911690711975e-02 -2.142017185688018799e-01 3.242852389812469482e-01 6.521225571632385254e-01 -5.431867837905883789e-01 -8.918310999870300293e-01 3.377531468868255615e-01 -1.458205729722976685e-01 -1.351446628570556641e+00 -5.370234251022338867e-01 -1.032591819763183594e+00
6.281943917274475098e-01 -2.531020045280456543e-01 -2.954128980636596680e-01 -1.144663333892822266e+00 4.712789356708526611e-01 -3.395541757345199585e-02 -2.266790270805358887e-01 2.285692989826202393e-01 1.318118214607238770e+00 -2.928925156593322754e-01 -2.743773460388183594e-01 -2.455558180809020996e-01 -1.186103224754333496e+00 3.318192064762115479e-01
-6.958273649215698242e-01 -2.114143520593643188e-01 -6.411440968513488770e-01 -5.607023239135742188e-01 -7.195242047309875488e-01 -9.874603152275085449e-02 1.224371314048767090e+00 -9.573653340339660645e-01 -1.533613085746765137e+00 3.671852648258209229e-01 -2.304788231849670410e-01 -1.536004781723022461e+00 -2.351215034723281860e-01 -1.630597710609436035e+00
-1.155306577682495117e+00 4.521077871322631836e-01 -6.367249041795730591e-02 3.712693452835083008e-01 8.592920005321502686e-02 -5.951059460639953613e-01 5.037858486175537109e-01 -7.402431964874267578e-01 -7.650120258331298828e-01 -7.538961619138717651e-02 3.250566124916076660e-01 -9.493727684020996094e-01 7.335724830627441406e-01 -1.069305658340454102e+00
-6.245141029357910156e-01 -6.618419885635375977e-01 -6.191875338554382324e-01 -4.770995676517486572e-01 4.216691553592681885e-01 3.445740044116973877e-01 1.063006639480590820e+00 -8.354239463806152344e-01 -9.834941029548645020e-01 9.123833179473876953e-01 -2.320044338703155518e-01 -1.200537919998168945e+00 -2.840785980224609375e-01 -1.467026710510253906e+00
-7.528827786445617676e-01 -2.858481705188751221e-01 -6.405357718467712402e-01 -6.277263760566711426e-01 -2.634358704090118408e-01 2.470391839742660522e-01 -3.400267288088798523e-02 -5.466205477714538574e-01 -3.786602020263671875e-01 1.736309379339218140e-02 -2.832786142826080322e-01 -1.099148988723754883e+00 -8.311696350574493408e-02 -7.679174542427062988e-01
1.132588028907775879e+00 7.830851674079895020e-01 1.821174174547195435e-01 2.153657823801040649e-01 3.122250139713287354e-01 -3.951580524444580078e-01 -6.934386491775512695e-01 1.286710053682327271e-01 9.841588735580444336e-01 -2.338510155677795410e-01 4.915229678153991699e-01 1.225422024726867676e+00 -3.310681506991386414e-02 1.275322198867797852e+00
