-6.611570119857788086e-01 8.190937638282775879e-01 -4.820640683174133301e-01 3.949413448572158813e-02 -7.558153271675109863e-01 -4.988509416580200195e-01 -4.015705287456512451e-01 -4.397640526294708252e-01 6.761390566825866699e-01 2.939154207706451416e-01 1.543124616146087646e-01 2.685314416885375977e-01 2.864432036876678467e-01 -1.076446533203125000e+00
-2.979226708412170410e-01 -2.336782515048980713e-01 2.584720551967620850e-01 -2.445094138383865356e-01 -2.405178248882293701e-01 7.632232904434204102e-01 -2.174074649810791016e-01 4.292866289615631104e-01 -1.767470985651016235e-01 3.785713016986846924e-02 2.458422072231769562e-02 6.583942174911499023e-01 -1.506785631179809570e+00 1.086464524269104004e+00
2.125900238752365112e-01 1.113823533058166504e+00 -8.762497454881668091e-03 1.250963211059570312e-01 -4.641478359699249268e-01 -7.177600860595703125e-01 3.662426769733428955e-01 -9.474884718656539917e-03 4.367552399635314941e-01 2.371783703565597534e-01 4.107238948345184326e-01 -3.787099719047546387e-01 2.357459217309951782e-01 -2.337998338043689728e-02
4.220904409885406494e-01 1.244289994239807129e+00 7.023184895515441895e-01 3.177026808261871338e-01 1.308233737945556641e-01 5.644816160202026367e-01 -4.131305813789367676e-01 -6.372461915016174316e-01 2.771521210670471191e-01 -9.588158726692199707e-01 -3.570986166596412659e-02 4.146320223808288574e-01 -1.232057929039001465e+00 4.333146810531616211e-01
-2.983885072171688080e-02 -6.754429340362548828e-01 2.285661995410919189e-01 -3.581354320049285889e-01 5.255694985389709473e-01 3.992559313774108887e-01 2.356233149766921997e-01 5.736845135688781738e-01 -5.720840096473693848e-01 -5.472877621650695801e-01 -3.480108082294464111e-01 3.021093010902404785e-01 -6.736847758293151855e-01 5.155040025711059570e-01
-5.056907534599304199e-01 1.007106304168701172e+00 6.026607751846313477e-02 4.575656652450561523e-01 -3.917902708053588867e-01 -5.929300189018249512e-01 -6.684414744377136230e-01 7.464975118637084961e-01 4.720730185508728027e-01 6.585755944252014160e-01 5.446113348007202148e-01 -3.667003810405731201e-01 5.333006978034973145e-01 -7.434005141258239746e-01
-3.477775156497955322e-01 -3.252988308668136597e-02 -2.525596916675567627e-01 -3.358422517776489258e-01 5.842477455735206604e-02 2.925536930561065674e-01 2.689289152622222900e-01 -3.084453642368316650e-01 -2.760156393051147461e-01 1.220209747552871704e-01 -5.927780866622924805e-01 3.159015178680419922e-01 -2.562633454799652100e-01 -4.977855682373046875e-01
-9.889103174209594727e-01 -2.962230741977691650e-01 -2.525352239608764648e-01 -1.890662759542465210e-01 -1.257292777299880981e-01 3.904876112937927246e-01 8.027163892984390259e-02 -9.966794252395629883e-01 -2.797165811061859131e-01 -6.391360610723495483e-02 -8.565941452980041504e-01 4.187687337398529053e-01 -6.641461849212646484e-01 -1.037796378135681152e+00
-4.640946090221405029e-01 -4.300203025341033936e-01 -2.279094159603118896e-01 -6.839859485626220703e-01 1.666294485330581665e-01 2.446969747543334961e-01 4.240300953388214111e-01 3.457218408584594727e-01 -4.599058926105499268e-01 -5.745640397071838379e-01 -7.906559705734252930e-01 5.695315003395080566e-01 -9.030768871307373047e-01 1.892085745930671692e-02
-6.448125094175338745e-02 -3.422770202159881592e-01 -4.866911172866821289e-01 -2.405012995004653931e-01 -4.399137794971466064e-01 3.830272555351257324e-01 2.954732477664947510e-01 -9.792675971984863281e-01 1.652671992778778076e-01 3.551767170429229736e-01 -1.276085078716278076e-01 1.900405734777450562e-01 -3.478691875934600830e-01 -1.033484458923339844e+00
4.117043316364288330e-01 2.153108716011047363e-01 9.944242984056472778e-02 -2.900160662829875946e-02 -2.195856869220733643e-01 -3.403444886207580566e-01 7.710140943527221680e-02 2.042740024626255035e-02 1.779396831989288330e-01 5.618038177490234375e-01 5.737787485122680664e-01 -4.448538124561309814e-01 3.484783172607421875e-01 -8.002182841300964355e-01
-5.480519495904445648e-03 -6.230447292327880859e-01 2.790041565895080566e-01 6.579863280057907104e-02 -2.166214585304260254e-01 1.040047705173492432e-01 1.415516138076782227e-01 -6.000773906707763672e-01 1.833208799362182617e-01 -3.335987627506256104e-01 -1.407045125961303711e-01 5.809595584869384766e-01 -3.684463798999786377e-01 -1.247533202171325684e+00
-5.148062109947204590e-01 -1.536198705434799194e-01 -5.891183018684387207e-01 -3.089573979377746582e-01 -4.715173840522766113e-01 1.861618608236312866e-01 4.725835919380187988e-01 -9.209819436073303223e-01 5.801810622215270996e-01 -4.539347290992736816e-01 -6.579428315162658691e-01 5.301579833030700684e-01 -1.180750280618667603e-01 -1.177519559860229492e+00
1.892529278993606567e-01 1.119891166687011719e+00 5.581270456314086914e-01 2.889681756496429443e-01 2.535715932026505470e-03 -2.988697886466979980e-01 -5.790932178497314453e-01 4.278695583343505859e-01 2.619158625602722168e-01 3.133434653282165527e-01 9.167212247848510742e-01 8.573620766401290894e-02 5.016530752182006836e-01 1.441396832466125488e+00
