-8.434136398136615753e-03 1.299983561038970947e-01 -2.222797572612762451e-01 7.764782011508941650e-02 3.215273916721343994e-01 4.885772168636322021e-01 2.478919029235839844e-01 7.797429561614990234e-01 -1.655759811401367188e-01 -2.517478466033935547e-01 3.744598329067230225e-01 -1.312240660190582275e-01 5.436784625053405762e-01 2.931326329708099365e-01
-4.791837930679321289e-01 -8.289718627929687500e-02 3.449973091483116150e-02 4.936237931251525879e-01 6.670378148555755615e-02 6.017615795135498047e-01 1.943949796259403229e-02 -2.217554301023483276e-01 6.669505834579467773e-01 2.025044262409210205e-01 -1.595866531133651733e-01 3.227053880691528320e-01 -3.761200308799743652e-01 -1.171119045466184616e-02
-8.134858012199401855e-01 -1.745819747447967529e-01 2.527524828910827637e-01 -6.360740959644317627e-02 6.188478469848632812e-01 -1.142911761999130249e-01 2.705387473106384277e-01 -2.657775878906250000e-01 -1.193060278892517090e-01 -7.196350097656250000e-01 -1.245102100074291229e-02 1.907435357570648193e-01 -3.831250593066215515e-02 5.886987596750259399e-02
-1.364363282918930054e-01 -5.030989274382591248e-02 3.833370804786682129e-01 -6.389610767364501953e-01 7.715436220169067383e-01 6.514845490455627441e-01 -8.412009477615356445e-02 6.381231546401977539e-01 -1.884372979402542114e-01 -4.620080590248107910e-01 -3.871183097362518311e-01 -1.997003853321075439e-01 2.959306724369525909e-02 5.841525197029113770e-01
-4.648230969905853271e-01 3.680888712406158447e-01 2.587144970893859863e-01 4.516355097293853760e-01 -2.109808623790740967e-01 -2.234142459928989410e-02 3.015253841876983643e-01 -4.758177697658538818e-01 7.589963674545288086e-01 -4.893944561481475830e-01 -1.095886826515197754e+00 -1.257364731281995773e-02 5.554250478744506836e-01 3.392370641231536865e-01
1.588803976774215698e-01 -7.955847382545471191e-01 2.638156116008758545e-01 7.205452919006347656e-01 -2.931749820709228516e-01 5.879117175936698914e-02 4.766786098480224609e-01 1.601244658231735229e-01 -4.452855885028839111e-01 -4.092862904071807861e-01 -5.251867175102233887e-01 3.291172683238983154e-01 -6.544266343116760254e-01 -2.677363753318786621e-01
-2.560327649116516113e-01 -3.775489628314971924e-01 5.954370498657226562e-01 -1.111699715256690979e-01 -2.044727057218551636e-01 -3.146039247512817383e-01 -4.148499965667724609e-01 8.574725389480590820e-01 -1.486887037754058838e-01 -7.221274822950363159e-02 9.057027101516723633e-02 1.214366927742958069e-01 -4.543367922306060791e-01 6.362949013710021973e-01
2.666945569217205048e-02 5.046508312225341797e-01 1.373842060565948486e-01 4.265998601913452148e-01 -1.708276569843292236e-01 6.415648460388183594e-01 2.406678535044193268e-02 -2.912120223045349121e-01 -1.050124987959861755e-01 4.225068390369415283e-01 1.642755627632141113e+00 -4.792303144931793213e-01 3.890048861503601074e-01 -6.564755737781524658e-02
-4.232887029647827148e-01 2.506073117256164551e-01 -3.665500506758689880e-02 3.286891579627990723e-01 -8.249570727348327637e-01 7.170485705137252808e-02 -2.182649374008178711e-01 -5.294763296842575073e-02 -2.436778992414474487e-01 4.698739349842071533e-01 4.521302133798599243e-02 1.970988363027572632e-01 8.131923526525497437e-02 -8.921692967414855957e-01
2.672552466392517090e-01 1.153961718082427979e-01 -2.589962184429168701e-01 -9.157723188400268555e-02 -3.521513566374778748e-02 4.575151018798351288e-03 1.273559480905532837e-01 -1.799549013376235962e-01 1.487040705978870392e-02 2.924733459949493408e-01 6.164470911026000977e-01 2.164386808872222900e-01 7.482525706291198730e-01 1.629529148340225220e-01
-3.752703666687011719e-01 -3.072469830513000488e-01 3.467489778995513916e-01 4.418555498123168945e-01 -1.907188296318054199e-01 2.648366242647171021e-02 1.337964832782745361e-01 -8.062463253736495972e-02 1.518064618110656738e+00 -5.522906780242919922e-01 -2.036063224077224731e-01 1.077184915542602539e+00 -1.516610831022262573e-01 -1.810400635004043579e-01
1.530745327472686768e-01 2.244023233652114868e-01 6.638316512107849121e-01 -1.670681089162826538e-01 1.165090918540954590e+00 1.088877692818641663e-01 1.437027454376220703e-01 8.216124773025512695e-01 -3.390754163265228271e-01 -2.165907062590122223e-02 6.364047527313232422e-01 -2.674218118190765381e-01 7.385397553443908691e-01 3.147842586040496826e-01
1.378813683986663818e-01 8.389275670051574707e-01 1.522884666919708252e-01 -1.531337648630142212e-01 5.708166956901550293e-01 3.472725749015808105e-01 1.153188757598400116e-02 4.262202680110931396e-01 6.113282218575477600e-02 -5.749277472496032715e-01 -4.234727025032043457e-01 8.312711715698242188e-01 1.991913169622421265e-01 3.613577485084533691e-01
2.296262383460998535e-01 -1.815957427024841309e-01 3.829835951328277588e-01 8.272627741098403931e-02 -8.547764420509338379e-01 6.095908209681510925e-02 7.529038786888122559e-01 -6.356046795845031738e-01 7.191799879074096680e-01 7.082370519638061523e-01 -6.136929392814636230e-01 5.018737316131591797e-01 -4.618422389030456543e-01 -2.914054989814758301e-01
