3.262223601341247559e-01 -7.972388714551925659e-02 -3.307541832327842712e-02 1.880608648061752319e-01 4.806794822216033936e-01 -3.608674705028533936e-01 -3.689187467098236084e-01 6.673716306686401367e-01 -1.928932368755340576e-01 3.915519714355468750e-01 4.102955758571624756e-01 -6.972443461418151855e-01 6.394928097724914551e-01 2.066925168037414551e-01
-9.298135340213775635e-02 5.943083763122558594e-01 3.353426158428192139e-01 5.444073677062988281e-01 -4.660288393497467041e-01 -2.933067679405212402e-01 -3.852931857109069824e-01 -4.192847311496734619e-01 1.919236779212951660e-01 -4.430267810821533203e-01 5.026147887110710144e-02 1.906195282936096191e-01 -6.570371985435485840e-01 2.977229654788970947e-01
1.220644339919090271e-01 -4.387110173702239990e-01 1.002561688423156738e+00 2.825682163238525391e-01 6.030511260032653809e-01 2.187846750020980835e-01 2.116658985614776611e-01 2.038859426975250244e-01 3.313976228237152100e-01 -5.839245915412902832e-01 -2.774849534034729004e-01 -1.284594535827636719e-01 3.354540765285491943e-01 3.257984295487403870e-02
9.747061133384704590e-02 -4.845487773418426514e-01 -3.499429523944854736e-01 2.481217496097087860e-02 -8.594650030136108398e-02 2.214471101760864258e-01 -7.246612012386322021e-02 2.410446107387542725e-01 -5.221270956099033356e-03 1.947114318609237671e-01 1.693189591169357300e-01 2.862732112407684326e-01 -3.220771551132202148e-01 -3.162659406661987305e-01
7.956814169883728027e-01 -2.252852469682693481e-01 6.597320437431335449e-01 1.561545431613922119e-01 2.135739028453826904e-01 1.091235354542732239e-01 -1.329847425222396851e-01 -4.413275718688964844e-01 1.245670486241579056e-02 -4.976109862327575684e-01 3.047754764556884766e-01 1.689307093620300293e-01 2.912833392620086670e-01 1.758041232824325562e-01
3.189048469066619873e-01 -1.443173736333847046e-01 2.909097671508789062e-01 4.524287283420562744e-01 4.501485526561737061e-01 1.803710609674453735e-01 4.630605280399322510e-01 3.725756332278251648e-02 -1.744523271918296814e-02 4.186522066593170166e-01 -1.215250492095947266e-01 1.498501449823379517e-01 -6.614436507225036621e-01 -3.331741690635681152e-01
-5.187348127365112305e-01 -7.735900878906250000e-01 7.628416270017623901e-02 1.337680965662002563e-01 2.190479934215545654e-01 8.303819596767425537e-02 -3.289068043231964111e-01 -8.046466857194900513e-02 -1.307036399841308594e+00 6.223264336585998535e-01 -4.563808739185333252e-01 -4.049610793590545654e-01 2.289237231016159058e-01 -1.546089202165603638e-01
6.894242167472839355e-01 7.816419601440429688e-01 -5.669392943382263184e-01 3.598384559154510498e-01 -8.196613192558288574e-01 6.241631507873535156e-01 4.205810427665710449e-01 -1.265053898096084595e-01 1.699002534151077271e-01 -2.455373257398605347e-01 4.442667067050933838e-01 -2.383783906698226929e-01 -2.809125483036041260e-01 -1.406094729900360107e-01
1.812175959348678589e-01 1.933729648590087891e-01 5.362191423773765564e-02 2.406605482101440430e-01 -5.065121054649353027e-01 -2.962794005870819092e-01 8.279346860945224762e-03 -7.807996869087219238e-02 5.443417429924011230e-01 -6.859311461448669434e-01 9.892445057630538940e-02 1.284245401620864868e-01 -1.067987456917762756e-02 -7.829913496971130371e-01
1.091874092817306519e-01 6.746135354042053223e-01 -9.380242228507995605e-02 -1.972682923078536987e-01 -6.460904330015182495e-02 2.971416115760803223e-01 -9.982851892709732056e-02 -5.834928154945373535e-01 6.911939978599548340e-01 2.387066632509231567e-01 2.977346628904342651e-02 -2.299942262470722198e-02 9.400268644094467163e-02 -5.474977493286132812e-01
3.940948843955993652e-01 6.437646150588989258e-01 6.476211547851562500e-01 2.891523241996765137e-01 -9.148649126291275024e-02 1.592910140752792358e-01 3.265903145074844360e-02 -1.192120648920536041e-02 -3.121455013751983643e-01 3.087767958641052246e-01 -1.388642489910125732e-01 5.248395204544067383e-01 1.396517157554626465e-01 -1.958995461463928223e-01
-5.425381064414978027e-01 1.052066758275032043e-01 6.709742546081542969e-02 1.518417447805404663e-01 4.140089750289916992e-01 8.443880081176757812e-01 -2.223762273788452148e-01 7.323513031005859375e-01 -1.666742861270904541e-01 1.167815700173377991e-01 1.002897977828979492e+00 -1.767252236604690552e-01 4.076075553894042969e-01 2.731371819972991943e-01
3.082036972045898438e-02 1.999323666095733643e-01 -3.007993474602699280e-02 4.600374698638916016e-01 1.315507888793945312e-01 -3.041637539863586426e-01 1.525887101888656616e-01 -3.496131300926208496e-01 3.468565940856933594e-01 -2.190031558275222778e-01 2.569842338562011719e-01 -1.037128418684005737e-01 4.113515615463256836e-01 1.524381637573242188e-01
4.172756969928741455e-01 2.048855274915695190e-02 -3.016546368598937988e-01 3.725086748600006104e-01 -2.725862264633178711e-01 -7.596500962972640991e-02 3.240904211997985840e-01 -3.049443364143371582e-01 4.954357743263244629e-01 -3.952797353267669678e-01 -7.700755000114440918e-01 1.074524641036987305e+00 1.911202073097229004e-01 7.430228590965270996e-02
