8.919577002525329590e-01 -7.962011694908142090e-01 1.089006900787353516e+00 2.596322000026702881e-01 3.328166902065277100e-01 -4.421159923076629639e-01 -2.313434183597564697e-01 -7.754014730453491211e-01 -2.567065060138702393e-01 6.501052975654602051e-01 -7.522002458572387695e-01 1.695679128170013428e-02 -1.643240153789520264e-01 4.190530478954315186e-01
9.859166741371154785e-01 -1.331129431724548340e+00 1.627703309059143066e-01 1.019605398178100586e+00 -4.084165394306182861e-01 -5.412578582763671875e-01 9.653810411691665649e-02 3.419054150581359863e-01 -5.361290574073791504e-01 -2.917813658714294434e-01 -3.991138935089111328e-01 1.267620801925659180e+00 -1.169864237308502197e-01 -1.403341531753540039e+00
-3.140179157257080078e+00 -2.459850907325744629e-01 4.372059702873229980e-01 -8.127119541168212891e-01 3.838482797145843506e-01 6.870941519737243652e-01 1.455907583236694336e+00 -7.207567095756530762e-01 1.032042980194091797e+00 -5.414578318595886230e-01 3.371464014053344727e-01 -1.896995306015014648e+00 9.398058652877807617e-01 7.149822711944580078e-01
-3.878023624420166016e-01 -1.346843242645263672e+00 -3.753586113452911377e-01 -5.600522756576538086e-01 -9.728873968124389648e-01 -1.076799273490905762e+00 1.977440118789672852e-01 1.959127932786941528e-01 1.241199851036071777e+00 -2.934787273406982422e-01 -1.584189176559448242e+00 -1.106561422348022461e+00 -5.721950531005859375e-01 -6.285246610641479492e-01
6.266070008277893066e-01 -4.317843019962310791e-01 -5.451249480247497559e-01 -2.207926809787750244e-01 -4.831298887729644775e-01 -4.755051434040069580e-02 -2.499612607061862946e-02 8.959131836891174316e-01 2.824535369873046875e-01 3.016995787620544434e-01 -3.454986214637756348e-01 3.266850411891937256e-01 -4.674669504165649414e-01 -1.444226503372192383e+00
3.985893726348876953e-01 6.324472427368164062e-01 9.412486553192138672e-01 1.031218290328979492e+00 2.082284092903137207e-01 2.031179815530776978e-01 -1.147753465920686722e-02 -1.087713003158569336e+00 -1.234878659248352051e+00 3.931342959403991699e-01 -6.118359565734863281e-01 8.829119801521301270e-01 1.833974421024322510e-01 6.380934119224548340e-01
-3.895891010761260986e-01 -5.064453482627868652e-01 -9.481034874916076660e-01 -4.446794688701629639e-01 -5.889173746109008789e-01 -5.303621888160705566e-01 -4.488986432552337646e-01 8.378766775131225586e-01 1.092668414115905762e+00 -3.688108921051025391e-01 -2.340658456087112427e-01 1.829637438058853149e-01 -7.349482178688049316e-01 -7.673604488372802734e-01
-9.851680696010589600e-02 -1.897770464420318604e-01 3.172957003116607666e-01 4.501221328973770142e-02 -3.597251474857330322e-01 -5.326343774795532227e-01 -5.720822811126708984e-01 2.687104940414428711e-01 4.747659564018249512e-01 5.596219301223754883e-01 -2.376800477504730225e-01 1.423593908548355103e-01 -7.118636965751647949e-01 8.050157129764556885e-02
-2.941632866859436035e-01 -1.032484173774719238e+00 -3.365881145000457764e-01 6.542387604713439941e-01 -9.438667297363281250e-01 -8.837319910526275635e-02 3.249166905879974365e-01 7.843709588050842285e-01 2.933641970157623291e-01 2.826393544673919678e-01 -1.276322484016418457e+00 -1.634217798709869385e-01 -3.351483345031738281e-01 -1.126972913742065430e+00
-3.325515985488891602e+00 6.244421601295471191e-01 -1.076647281646728516e+00 -5.800972580909729004e-01 -3.308903872966766357e-01 -9.643001854419708252e-02 -1.761887073516845703e-01 7.713741660118103027e-01 1.673310875892639160e+00 -2.181371152400970459e-01 6.103070974349975586e-01 -3.269780158996582031e+00 1.964835636317729950e-02 5.742915868759155273e-01
-9.722468852996826172e-01 4.304248094558715820e-01 4.285801053047180176e-01 1.234511360526084900e-01 3.191132843494415283e-01 2.494340091943740845e-01 4.064272940158843994e-01 -8.827775716781616211e-01 -2.943412065505981445e-01 -1.281119883060455322e-01 -1.225454956293106079e-01 -1.708506643772125244e-01 5.474382042884826660e-01 6.453810930252075195e-01
-1.095960378646850586e+00 3.085601627826690674e-01 -4.306472837924957275e-01 -8.592820167541503906e-01 -8.495910465717315674e-02 -5.188717842102050781e-01 2.553009390830993652e-01 1.055063366889953613e+00 1.170390725135803223e+00 -4.700580611824989319e-02 -2.413097769021987915e-01 -7.161811590194702148e-01 -1.739724352955818176e-02 -7.383277416229248047e-01
-1.030440554022789001e-01 -4.366854131221771240e-01 -3.469549715518951416e-01 8.481539785861968994e-03 1.797498762607574463e-02 1.822694987058639526e-01 -4.237162172794342041e-01 4.622383713722229004e-01 2.813836932182312012e-01 2.348416745662689209e-01 -2.656548619270324707e-01 -2.523283660411834717e-01 -4.956594109535217285e-01 -4.230622947216033936e-01
1.389721155166625977e+00 -3.255020976066589355e-01 5.176079869270324707e-01 4.601310193538665771e-01 5.092651844024658203e-01 -3.775488138198852539e-01 4.042871296405792236e-01 -1.040084242820739746e+00 -1.073664546012878418e+00 -4.014676809310913086e-01 -2.686151862144470215e-01 8.352782130241394043e-01 -3.424740582704544067e-02 -2.424392700195312500e-01
