1.879639029502868652e-01 -2.193492949008941650e-01 -1.106018573045730591e-01 -4.533596038818359375e-01 6.023092865943908691e-01 8.608935773372650146e-02 -1.338413953781127930e-01 2.737888395786285400e-01 -2.454882860183715820e-01 -3.338154852390289307e-01 -9.520360082387924194e-02 -9.910860657691955566e-02 3.908499181270599365e-01 2.877875268459320068e-01
2.655353844165802002e-01 7.790591120719909668e-01 -5.253200531005859375e-01 -8.425242453813552856e-02 4.669067859649658203e-01 7.662688195705413818e-02 -1.504161804914474487e-01 3.440080955624580383e-02 -6.764667034149169922e-01 1.971023529767990112e-01 1.762781590223312378e-01 4.475170001387596130e-02 -1.110612601041793823e-01 -1.463716477155685425e-01
-2.514461278915405273e-01 1.329551339149475098e-01 -1.692382395267486572e-01 2.836840450763702393e-01 2.920134663581848145e-01 4.564184546470642090e-01 -8.155097961425781250e-01 2.935037575662136078e-02 -4.960702657699584961e-01 -5.631564259529113770e-01 5.445277094841003418e-01 3.780812919139862061e-01 1.891301013529300690e-02 -1.589939147233963013e-01
7.294495105743408203e-01 9.248518198728561401e-02 2.027789503335952759e-01 5.180988833308219910e-02 -4.274799227714538574e-01 -1.962818503379821777e-01 -4.374504089355468750e-01 2.517371773719787598e-01 -1.156788319349288940e-01 -7.475001811981201172e-01 1.726759523153305054e-01 1.818836331367492676e-01 -4.533740878105163574e-01 -2.427356243133544922e-01
-4.748475551605224609e-01 4.815652668476104736e-01 2.835662364959716797e-01 -4.198976792395114899e-03 2.478630095720291138e-02 1.746497154235839844e-01 -2.082392722368240356e-01 7.035620212554931641e-01 1.029511317610740662e-01 8.023063093423843384e-02 2.488946169614791870e-01 -3.548404872417449951e-01 -3.333149850368499756e-01 1.851873397827148438e-01
1.418375372886657715e-01 2.077719271183013916e-01 3.278375267982482910e-01 -2.124559432268142700e-01 -3.116604387760162354e-01 6.758427023887634277e-01 -1.415512152016162872e-02 -2.199182361364364624e-01 -1.209804192185401917e-01 -6.779801845550537109e-02 -6.352117657661437988e-02 2.762814462184906006e-01 9.984988719224929810e-02 4.914893805980682373e-01
1.885112822055816650e-01 3.106722235679626465e-01 -9.552899748086929321e-02 4.715598225593566895e-01 -1.967097446322441101e-02 2.932547032833099365e-02 -5.730758309364318848e-01 -9.058684110641479492e-01 -7.571719884872436523e-01 -1.917055249214172363e-01 -2.372438460588455200e-01 -3.995718657970428467e-01 -3.139460384845733643e-01 -2.669246196746826172e-01
1.922148168087005615e-01 -2.381152212619781494e-01 3.402949571609497070e-01 3.217115700244903564e-01 -5.391640663146972656e-01 -5.436968524008989334e-03 5.073069334030151367e-01 8.291013538837432861e-02 -4.342668950557708740e-01 1.659742295742034912e-01 -5.486440062522888184e-01 8.951361291110515594e-03 2.065887600183486938e-01 3.260004520416259766e-01
-1.348416358232498169e-01 6.827492117881774902e-01 2.238158732652664185e-01 5.194662809371948242e-01 3.559094294905662537e-02 5.410666465759277344e-01 1.293443560600280762e+00 5.631677508354187012e-01 4.517427384853363037e-01 1.612563431262969971e-01 2.120219469070434570e-01 4.263584613800048828e-01 2.347491830587387085e-01 1.806757301092147827e-01
4.339594542980194092e-01 4.422503709793090820e-02 3.226101994514465332e-01 -2.293638288974761963e-01 1.300361901521682739e-01 3.316316604614257812e-01 5.898187160491943359e-01 -3.363395035266876221e-01 2.092041820287704468e-01 7.169555425643920898e-01 1.269051432609558105e-01 5.688239634037017822e-02 -1.903385967016220093e-01 1.723254173994064331e-01
1.878371834754943848e-01 1.687852293252944946e-01 -4.827145338058471680e-01 1.461896747350692749e-01 2.816315889358520508e-01 3.047081828117370605e-01 -1.904502324759960175e-02 -2.998751103878021240e-01 -4.647723734378814697e-01 -3.973089754581451416e-01 7.855794429779052734e-01 -1.739846169948577881e-01 -3.087927103042602539e-01 4.950767755508422852e-01
-7.271213829517364502e-02 -6.949675679206848145e-01 -1.800008118152618408e-02 -1.594157218933105469e-01 -2.990549802780151367e-01 3.268830776214599609e-01 -3.990603685379028320e-01 -3.028842806816101074e-01 -2.522765696048736572e-01 -3.572792708873748779e-01 -1.171905994415283203e-01 -5.579344630241394043e-01 1.579851210117340088e-01 -8.789710402488708496e-01
-2.321179024875164032e-02 2.127334475517272949e-01 -3.075412213802337646e-01 9.261471033096313477e-02 -4.260785579681396484e-01 -1.612900793552398682e-01 -1.012157797813415527e+00 -4.211764931678771973e-01 9.135458618402481079e-02 -9.633436053991317749e-02 3.573497235774993896e-01 -1.872866749763488770e-01 6.027463674545288086e-01 -4.476764705032110214e-03
-5.704572796821594238e-01 4.035357534885406494e-01 5.082749724388122559e-01 -1.345742493867874146e-02 6.441643834114074707e-01 -2.138363271951675415e-01 9.246985316276550293e-01 -2.284306138753890991e-01 -7.468043267726898193e-02 7.473976165056228638e-02 4.685599505901336670e-01 3.089420795440673828e-01 1.003636792302131653e-01 9.370617568492889404e-02
