4.789811372756958008e-01 -2.960016727447509766e-01 -7.219308614730834961e-02 3.534043729305267334e-01 2.942710816860198975e-01 -1.631490886211395264e-01 1.925670802593231201e-01 -3.099974803626537323e-02 8.333109021186828613e-01 -5.831718444824218750e-01 -8.173403888940811157e-02 -5.716395974159240723e-01 3.241727352142333984e-01 4.601037502288818359e-01
-3.032453060150146484e-01 -4.333341419696807861e-01 -3.122401535511016846e-01 -6.767379045486450195e-01 -7.490585446357727051e-01 -4.332432746887207031e-01 -2.810220718383789062e-01 1.673255413770675659e-01 9.700576663017272949e-01 5.816872715950012207e-01 4.416795819997787476e-02 1.016055420041084290e-01 -5.195665955543518066e-01 -1.062747463583946228e-02
-1.772522479295730591e-01 3.867242932319641113e-01 -9.184594154357910156e-01 -6.476315259933471680e-01 -1.451724171638488770e-01 -4.725660681724548340e-01 1.316563189029693604e-01 1.463887542486190796e-01 3.599386513233184814e-01 3.491548299789428711e-01 -1.497477442026138306e-01 -8.342468142509460449e-01 4.706413447856903076e-01 1.321086883544921875e-01
1.225820556282997131e-01 2.185378372669219971e-01 -2.899733781814575195e-01 1.942633539438247681e-01 3.748896718025207520e-01 -2.367301285266876221e-01 -5.610052943229675293e-01 1.369867026805877686e-01 -8.792570978403091431e-02 -1.649655699729919434e-01 5.956259369850158691e-01 9.011852741241455078e-02 2.250801324844360352e-01 1.189851090312004089e-01
-6.161109209060668945e-01 -1.102206297218799591e-02 1.183913648128509521e-01 -4.295947253704071045e-01 7.825124263763427734e-02 -9.312196969985961914e-01 -9.858635067939758301e-02 2.430380880832672119e-01 -9.001184999942779541e-02 1.756432354450225830e-01 -9.258016943931579590e-02 -1.605734080076217651e-01 -6.045498251914978027e-01 3.592514097690582275e-01
-8.151112124323844910e-03 1.962847262620925903e-01 -4.118804633617401123e-01 -1.234902262687683105e+00 1.475641280412673950e-01 1.625284701585769653e-01 -7.397162914276123047e-01 1.380981206893920898e-01 8.052114844322204590e-01 -2.775447964668273926e-01 -2.319911718368530273e-01 5.742143839597702026e-02 -1.884616911411285400e-01 -1.220828816294670105e-01
6.235856413841247559e-01 -1.044926866888999939e-01 5.174128413200378418e-01 -2.736843936145305634e-02 -1.525436490774154663e-01 -1.572685837745666504e-01 -5.008422136306762695e-01 1.996217221021652222e-01 -4.338929057121276855e-01 -5.272121429443359375e-01 5.796641111373901367e-01 4.651824533939361572e-01 6.976467557251453400e-04 -1.534887589514255524e-02
2.266182899475097656e-01 -5.256246924400329590e-01 -3.707081824541091919e-02 4.303473606705665588e-02 -1.837134361267089844e-02 9.087420701980590820e-01 4.466863572597503662e-01 -5.051616430282592773e-01 -4.631525576114654541e-01 -1.011591181159019470e-01 3.208835721015930176e-01 9.690970927476882935e-02 -2.342351675033569336e-01 2.325855940580368042e-01
-6.010139584541320801e-01 -1.767501980066299438e-01 4.339256789535284042e-03 -8.271504938602447510e-02 -2.275348640978336334e-02 1.201137304306030273e-01 -2.263600565493106842e-02 -3.890682756900787354e-01 -9.877265244722366333e-02 9.892921894788742065e-02 -4.127425607293844223e-03 -2.688055634498596191e-01 5.978167057037353516e-01 1.715603768825531006e-01
-9.753263592720031738e-01 -6.950360536575317383e-02 -1.758534759283065796e-01 -2.246754765510559082e-01 -3.151511847972869873e-01 2.580937445163726807e-01 2.893595397472381592e-01 7.468066811561584473e-01 4.651704728603363037e-01 2.441670745611190796e-01 -1.049924567341804504e-01 -7.852367162704467773e-01 3.473420739173889160e-01 4.638552367687225342e-01
-1.236443892121315002e-01 -3.772308230400085449e-01 -2.402017563581466675e-01 6.121161580085754395e-02 -3.620742261409759521e-01 -9.725761413574218750e-02 -5.600022152066230774e-02 3.573732078075408936e-02 -3.936922550201416016e-01 -2.984347343444824219e-01 -5.530845522880554199e-01 1.019279956817626953e+00 -2.889897823333740234e-01 -5.840104073286056519e-02
8.456916809082031250e-01 -2.452459484338760376e-01 -2.036821329966187477e-03 5.549623966217041016e-01 -2.828075587749481201e-01 -2.012836039066314697e-01 -6.811355352401733398e-01 -1.656573116779327393e-01 -4.001074135303497314e-01 -3.425635397434234619e-01 -1.483363658189773560e-01 -4.459372460842132568e-01 -1.301636099815368652e-01 -3.097897469997406006e-01
8.931450247764587402e-01 3.964194282889366150e-02 9.353552013635635376e-02 1.031568050384521484e+00 -1.465938333421945572e-02 -2.147674858570098877e-01 -2.685398757457733154e-01 -1.517661381512880325e-02 -6.599740982055664062e-01 5.264000296592712402e-01 -6.568519026041030884e-02 5.027102828025817871e-01 2.722679637372493744e-03 3.743923306465148926e-01
-4.258931875228881836e-01 -5.115825533866882324e-01 -3.590838611125946045e-01 -2.799777090549468994e-01 3.544220328330993652e-02 1.931460499763488770e-01 5.648659169673919678e-02 5.365959405899047852e-01 2.753795981407165527e-01 7.617098689079284668e-01 -1.699899137020111084e-01 -3.162770271301269531e-01 -5.053112506866455078e-01 -7.456060051918029785e-01
