-2.147098332643508911e-01 1.335817128419876099e-01 5.415889620780944824e-01 2.400476187467575073e-01 6.418049335479736328e-01 2.086781710386276245e-02 7.324445247650146484e-01 4.867090582847595215e-01 5.574270486831665039e-01 6.528804302215576172e-01 6.515862941741943359e-01 5.749959126114845276e-02 4.292010366916656494e-01 4.459923207759857178e-01
-4.729283452033996582e-01 -1.392154991626739502e-01 -1.735149770975112915e-01 -6.758134365081787109e-01 -1.376706063747406006e-01 2.832247018814086914e-01 -1.747421361505985260e-02 -7.360996007919311523e-01 5.939764380455017090e-01 -3.275488913059234619e-01 -4.262089133262634277e-01 -5.052662491798400879e-01 -8.456924557685852051e-01 -5.896783992648124695e-02
-4.304927885532379150e-01 2.070843279361724854e-01 1.997867673635482788e-01 -6.269928067922592163e-02 3.856224715709686279e-01 -3.713358342647552490e-01 -1.210198029875755310e-01 5.332549214363098145e-01 -2.755934298038482666e-01 1.653939485549926758e-01 2.977618873119354248e-01 5.167390406131744385e-02 4.094897508621215820e-01 6.802676916122436523e-01
4.128143191337585449e-01 -1.064646169543266296e-01 4.697001278400421143e-01 3.427151739597320557e-01 7.065755128860473633e-02 8.108009099960327148e-01 -6.410687565803527832e-01 -4.182708263397216797e-01 4.935112893581390381e-01 -5.588508844375610352e-01 -5.661473274230957031e-01 3.539634644985198975e-01 -5.326755642890930176e-01 3.044226765632629395e-01
-1.918004751205444336e-01 -7.120976448059082031e-01 -7.497757673263549805e-01 -1.582457870244979858e-01 -6.063780784606933594e-01 -7.084967941045761108e-02 -1.588536351919174194e-01 -3.596244752407073975e-01 -1.052656546235084534e-01 -5.873216688632965088e-02 -6.263343691825866699e-01 -5.392733812332153320e-01 -2.584027349948883057e-01 2.566038370132446289e-01
-5.740169882774353027e-01 3.361738324165344238e-01 3.956125676631927490e-02 2.553487122058868408e-01 1.774110794067382812e-01 -4.107275009155273438e-01 5.175628066062927246e-01 5.501273274421691895e-01 2.865191400051116943e-01 1.215893551707267761e-01 7.109197974205017090e-01 1.830317527055740356e-01 2.699160277843475342e-01 7.489997893571853638e-02
-5.167257040739059448e-02 8.103641271591186523e-01 2.193884551525115967e-01 -2.094503194093704224e-01 3.376805186271667480e-01 -2.597742080688476562e-01 6.512532830238342285e-01 -9.585782140493392944e-02 7.553862929344177246e-01 2.363763004541397095e-01 5.508407354354858398e-01 1.867024451494216919e-01 2.476384788751602173e-01 2.722547054290771484e-01
5.421437025070190430e-01 1.056789636611938477e+00 1.697456240653991699e-01 -4.024978876113891602e-01 9.456263780593872070e-01 7.068619132041931152e-01 8.783482313156127930e-01 6.156496405601501465e-01 2.215834707021713257e-01 -1.197891458868980408e-01 4.494593143463134766e-01 4.594298303127288818e-01 -5.547480285167694092e-02 3.892962038516998291e-01
-2.393150180578231812e-01 3.693182766437530518e-02 -5.749649405479431152e-01 -5.256497859954833984e-01 -7.985085248947143555e-01 6.613506078720092773e-01 6.178271025419235229e-02 -7.997129112482070923e-02 7.499551773071289062e-01 -2.729478776454925537e-01 -6.715503931045532227e-01 -2.225166261196136475e-01 -3.411135375499725342e-01 -4.028108119964599609e-01
-3.032660782337188721e-01 6.955362558364868164e-01 -7.723905891180038452e-02 2.268007844686508179e-01 4.079864025115966797e-01 1.295508742332458496e-01 4.437928497791290283e-01 3.807034716010093689e-02 3.650876283645629883e-01 -3.719781339168548584e-01 2.186352908611297607e-01 5.913269519805908203e-01 -3.593513965606689453e-01 5.076863169670104980e-01
1.493042558431625366e-01 2.568841576576232910e-01 4.228980541229248047e-01 9.167407453060150146e-02 8.856329917907714844e-01 -4.592537507414817810e-02 7.450135946273803711e-01 9.415064454078674316e-01 7.799529284238815308e-02 1.783706694841384888e-01 1.269422322511672974e-01 -4.022708162665367126e-02 4.660059511661529541e-01 -2.333388328552246094e-01
-1.742578893899917603e-01 9.278793334960937500e-01 2.562481462955474854e-01 1.488919835537672043e-02 1.026109978556632996e-01 6.215835809707641602e-01 6.923931837081909180e-01 4.159632921218872070e-01 2.990565598011016846e-01 -1.822355091571807861e-01 7.380445003509521484e-01 4.525220990180969238e-01 -3.632760792970657349e-02 7.972190380096435547e-01
-3.357218503952026367e-01 6.822195053100585938e-01 4.326420426368713379e-01 4.515501856803894043e-02 3.327005505561828613e-01 3.359175324440002441e-01 8.268945217132568359e-01 1.438172757625579834e-01 -4.736503958702087402e-02 -2.300554066896438599e-01 3.267136514186859131e-01 7.556234002113342285e-01 2.391453534364700317e-01 -1.118792071938514709e-01
-1.324309408664703369e-01 -5.415488779544830322e-02 -3.779491782188415527e-02 1.862427294254302979e-01 -3.205549418926239014e-01 -5.456235259771347046e-02 -5.606767535209655762e-01 -3.281571716070175171e-02 -4.928016364574432373e-01 2.124940007925033569e-01 -1.192127093672752380e-01 -6.348674744367599487e-02 3.833855688571929932e-02 -3.301037549972534180e-01
