-7.386417984962463379e-01 8.272291421890258789e-01 -5.985984206199645996e-01
1.498827636241912842e-01 -1.690741032361984253e-01 1.340614914894104004e+00
-1.219888448715209961e+00 -2.899084985256195068e-01 1.306565850973129272e-01
-6.596754193305969238e-01 5.385960936546325684e-01 4.749222695827484131e-01
-1.019557476043701172e+00 3.886133134365081787e-01 1.053548336029052734e+00
-5.444118380546569824e-01 1.378437727689743042e-01 6.756692528724670410e-01
-3.005898892879486084e-01 -2.385393381118774414e-01 2.110844850540161133e-01
2.357881784439086914e+00 -5.905785560607910156e-01 -1.329948067665100098e+00
3.291040062904357910e-01 -9.758346676826477051e-01 2.222725301980972290e-01
5.416164174675941467e-02 7.332274913787841797e-01 -9.187176227569580078e-01
-4.074829220771789551e-01 -6.238202452659606934e-01 1.342902660369873047e+00
3.264911845326423645e-02 8.282737731933593750e-01 -7.467101216316223145e-01
-5.522564053535461426e-01 2.603990584611892700e-02 7.916936278343200684e-01
-7.412961125373840332e-02 -3.492886424064636230e-01 1.128099560737609863e+00
