-3.917464017868041992e-01 -2.431681454181671143e-01 5.219028517603874207e-02 -4.747521281242370605e-01 9.405881166458129883e-02 3.894347846508026123e-01 -2.121215313673019409e-01 1.483714580535888672e-01 -6.204684972763061523e-01 4.282739385962486267e-02 7.287074327468872070e-01 -2.062222361564636230e-01 3.498094975948333740e-01 -1.852998323738574982e-02
2.109370231628417969e-01 9.962223470211029053e-02 2.701046466827392578e-01 2.387915253639221191e-01 3.858156204223632812e-01 5.762489438056945801e-01 -2.300160229206085205e-01 -6.280849874019622803e-02 -2.476893812417984009e-01 -5.193890333175659180e-01 -1.562006473541259766e-01 -8.041895031929016113e-01 -1.410959810018539429e-01 4.690438807010650635e-01
1.947431117296218872e-01 2.049025744199752808e-01 -4.524767696857452393e-01 1.716503500938415527e-01 1.554836779832839966e-01 2.646375000476837158e-01 5.254849195480346680e-01 1.539870351552963257e-01 2.717424370348453522e-02 8.865843415260314941e-01 -6.477851271629333496e-01 2.610110342502593994e-01 2.598303556442260742e-01 -1.430795788764953613e-01
3.679894804954528809e-01 7.376536726951599121e-01 -2.860788702964782715e-01 -1.060361862182617188e+00 -3.385713994503021240e-01 4.256189465522766113e-01 7.946805655956268311e-02 5.807602405548095703e-01 -4.777819514274597168e-01 -3.534872233867645264e-01 7.668338716030120850e-02 2.433219105005264282e-01 2.125602364540100098e-01 6.106840819120407104e-02
2.538035437464714050e-02 -6.954783797264099121e-01 -1.806351840496063232e-01 -3.914784789085388184e-01 -4.743154346942901611e-01 -5.200635194778442383e-01 -2.763071954250335693e-01 1.646432727575302124e-01 2.922288179397583008e-01 -8.262045979499816895e-01 -3.338318550959229469e-03 -8.585183024406433105e-01 1.957130134105682373e-01 1.058370843529701233e-01
7.306654006242752075e-02 -7.603285461664199829e-02 5.343324542045593262e-01 -8.603965491056442261e-02 1.585810482501983643e-01 -2.166151255369186401e-02 -2.121902704238891602e-01 2.607625722885131836e-01 -4.075303673744201660e-01 4.627889487892389297e-03 2.332878708839416504e-01 -2.510128356516361237e-02 1.602921783924102783e-01 -6.577209383249282837e-02
-9.196245670318603516e-02 -2.446716129779815674e-01 -3.725870549678802490e-01 -4.869102537631988525e-01 -2.167198359966278076e-01 -9.627651572227478027e-01 -1.628753542900085449e-01 1.202343329787254333e-01 1.059152632951736450e-01 1.539407223463058472e-01 1.357336342334747314e-01 3.742418885231018066e-01 -4.918263107538223267e-02 6.252720952033996582e-01
-8.397996425628662109e-02 -4.543880820274353027e-01 -2.174828201532363892e-01 -1.199874505400657654e-01 4.347925633192062378e-02 -1.876172609627246857e-02 2.272347658872604370e-01 -3.403351902961730957e-01 -4.389461278915405273e-01 -4.404167532920837402e-01 -6.812446713447570801e-01 2.045492976903915405e-01 -5.881052613258361816e-01 -4.512538760900497437e-02
-4.384264945983886719e-01 -7.848183810710906982e-02 1.543815582990646362e-01 1.239961758255958557e-01 -4.696622788906097412e-01 -1.062461614608764648e+00 6.114912033081054688e-01 2.525903880596160889e-01 -1.189932599663734436e-01 8.901368081569671631e-02 -3.968688473105430603e-02 5.045584589242935181e-02 2.775823473930358887e-01 3.723682463169097900e-01
-6.912611126899719238e-01 4.231405556201934814e-01 5.145000293850898743e-02 -6.042576432228088379e-01 2.298946678638458252e-01 -7.505834698677062988e-01 -1.733755916357040405e-01 2.670950889587402344e-01 4.231291115283966064e-01 6.944184005260467529e-02 1.142636388540267944e-01 -9.471473097801208496e-02 5.263013243675231934e-01 -2.019232213497161865e-01
-2.096081078052520752e-01 -1.085311844944953918e-01 -6.442751735448837280e-02 -2.091332674026489258e-01 -1.005692481994628906e+00 -7.639700174331665039e-01 -2.634013295173645020e-01 -2.008219361305236816e-01 9.541793912649154663e-02 1.396401524543762207e-01 -1.141949966549873352e-01 3.564507365226745605e-01 1.888945400714874268e-01 -1.448742300271987915e-02
-4.138800874352455139e-02 -1.234465837478637695e-01 -4.108865559101104736e-01 1.741968542337417603e-01 2.704568505287170410e-01 -1.062246784567832947e-02 1.604171097278594971e-02 -3.551203608512878418e-01 1.141205336898565292e-02 -5.424898117780685425e-02 -2.778156399726867676e-01 4.774888455867767334e-01 7.197386026382446289e-01 4.734140336513519287e-01
2.130650579929351807e-01 -1.640204340219497681e-01 -3.111741878092288971e-02 -4.551153481006622314e-01 1.613723337650299072e-01 2.438269704580307007e-01 6.091938614845275879e-01 -6.895639002323150635e-02 3.633137047290802002e-01 -4.402498602867126465e-01 -2.835411727428436279e-01 -5.678744986653327942e-02 -4.219313859939575195e-01 1.033680327236652374e-02
-1.179633587598800659e-01 -2.356575280427932739e-01 1.153704617172479630e-02 3.299716413021087646e-01 9.112540632486343384e-02 3.390699625015258789e-01 4.289199411869049072e-01 -1.393369287252426147e-01 -1.695196628570556641e-01 7.400066852569580078e-01 3.112548291683197021e-01 2.444542795419692993e-01 1.578699201345443726e-01 -2.995973825454711914e-01
