-6.653426885604858398e-01 -2.338533401489257812e-01 -6.492168307304382324e-01 4.908837080001831055e-01 -2.927227914333343506e-01 -7.698988169431686401e-02 3.637605905532836914e-01 4.541428089141845703e-01 1.761960983276367188e-01 -1.689305454492568970e-01 -4.463733732700347900e-02 4.576064348220825195e-01 -3.754341304302215576e-01 6.232656240463256836e-01
1.087019681930541992e+00 -2.699860930442810059e-01 1.183292865753173828e+00 2.266800850629806519e-01 1.090802311897277832e+00 -4.097219109535217285e-01 -5.881282091140747070e-01 8.166904449462890625e-01 -4.221868216991424561e-01 3.718160688877105713e-01 9.920443594455718994e-02 2.598461508750915527e-01 -5.978785157203674316e-01 -3.398728966712951660e-01
-1.921444982290267944e-01 1.257061243057250977e+00 -7.736247777938842773e-01 -7.818760275840759277e-01 -9.262287616729736328e-02 2.391789257526397705e-01 -5.616413354873657227e-01 -9.102975130081176758e-01 4.346920251846313477e-01 -7.010331153869628906e-01 3.251172006130218506e-01 2.929073199629783630e-02 -1.667906641960144043e-01 -6.154971718788146973e-01
-5.709879994392395020e-01 3.930481374263763428e-01 -2.911899089813232422e-01 3.624946177005767822e-01 -6.503927707672119141e-02 -4.385715126991271973e-01 1.855606138706207275e-01 9.230603277683258057e-02 4.912046492099761963e-01 -3.456755876541137695e-01 2.515938878059387207e-01 3.032522499561309814e-01 -8.302370458841323853e-02 -2.298575192689895630e-01
-1.215461716055870056e-01 -7.592200487852096558e-02 5.510122776031494141e-01 1.000844001770019531e+00 9.896322488784790039e-01 9.022539108991622925e-02 5.894553661346435547e-01 3.892838954925537109e-01 -1.506474465131759644e-01 2.171746045351028442e-01 -3.591330349445343018e-01 3.682685196399688721e-01 2.978830337524414062e-01 3.799035400152206421e-02
5.101650953292846680e-01 5.694224834442138672e-01 4.731886088848114014e-01 1.888610571622848511e-01 1.648804903030395508e+00 3.096275627613067627e-01 4.857612848281860352e-01 8.692894577980041504e-01 -5.670280456542968750e-01 2.154213041067123413e-01 -7.251331806182861328e-01 1.535196155309677124e-01 6.213467717170715332e-01 5.657566189765930176e-01
2.461396157741546631e-01 1.850099712610244751e-01 -1.287171602249145508e+00 5.218512415885925293e-01 -7.008141875267028809e-01 6.903795599937438965e-01 1.760510653257369995e-01 -8.638054877519607544e-02 5.255408287048339844e-01 -2.834471464157104492e-01 -4.005253612995147705e-01 1.528132408857345581e-01 1.136255338788032532e-01 -1.561306267976760864e-01
9.872781634330749512e-01 -6.488718390464782715e-01 8.531032800674438477e-01 -7.772451043128967285e-01 1.097323298454284668e-01 -5.859033763408660889e-02 -9.917864203453063965e-02 -6.511955261230468750e-01 -4.827603995800018311e-01 -3.179024159908294678e-01 1.041412577033042908e-01 -1.576452106237411499e-01 -9.420474618673324585e-02 -6.871138215065002441e-01
-1.977010667324066162e-01 2.122211735695600510e-03 -1.319798946380615234e+00 4.130029380321502686e-01 -7.056984901428222656e-01 -9.599733352661132812e-02 2.669030427932739258e-01 -1.059501841664314270e-01 -3.021662533283233643e-01 4.461466073989868164e-01 8.140886574983596802e-02 -4.880847781896591187e-02 -1.125252619385719299e-01 -5.067491531372070312e-01
1.619375348091125488e-01 3.303745687007904053e-01 -7.877422571182250977e-01 1.067848205566406250e+00 -5.529435873031616211e-01 6.304674148559570312e-01 2.989949882030487061e-01 -9.201227426528930664e-01 2.878289818763732910e-01 8.989886939525604248e-02 2.680658400058746338e-01 1.022943705320358276e-01 1.579020768404006958e-01 4.107515811920166016e-01
-2.826922535896301270e-01 6.298584491014480591e-02 -2.664874792098999023e-01 -3.478995710611343384e-02 -9.000387787818908691e-01 2.149500548839569092e-01 7.641544938087463379e-02 -5.203214883804321289e-01 -3.029011785984039307e-01 5.445913672447204590e-01 -3.706140518188476562e-01 6.282112002372741699e-01 -4.004771411418914795e-01 -7.015443406999111176e-03
-8.971316367387771606e-02 -4.117717742919921875e-01 -6.286404132843017578e-01 1.494444012641906738e-01 -1.108987092971801758e+00 5.571581125259399414e-01 -6.564095616340637207e-03 -1.718149930238723755e-01 -1.299497485160827637e-01 -2.471822947263717651e-01 2.671518027782440186e-01 2.760588824748992920e-01 2.616497576236724854e-01 1.782134324312210083e-01
-2.994424104690551758e-01 1.136654894798994064e-02 3.025283515453338623e-01 8.397426009178161621e-01 1.049418523907661438e-01 1.267405301332473755e-01 4.115345776081085205e-01 4.290316104888916016e-01 5.494648814201354980e-01 8.095142841339111328e-01 2.249979376792907715e-01 1.060647606849670410e+00 -3.222591876983642578e-01 -6.789060831069946289e-01
-2.796667218208312988e-01 -5.499721765518188477e-01 7.069202661514282227e-01 4.612248018383979797e-02 -9.907613694667816162e-02 2.365717440843582153e-01 -1.232812762260437012e+00 -4.710318446159362793e-01 2.904448509216308594e-01 -6.011288166046142578e-01 2.221308648586273193e-01 -3.051729798316955566e-01 3.348491713404655457e-02 -4.265235960483551025e-01
