-1.582783460617065430e-01 9.058216214179992676e-01 -2.202426791191101074e-01 2.672287821769714355e-01 3.202871233224868774e-02 -4.680326208472251892e-02 -2.016801536083221436e-01 2.962353527545928955e-01 -1.737874150276184082e-01 -1.980147063732147217e-01 -2.285276949405670166e-01 -2.284015715122222900e-01 2.664333581924438477e-02 3.137441277503967285e-01
1.587780714035034180e-01 -5.405102372169494629e-01 1.904102712869644165e-01 -1.398981332778930664e+00 7.888041734695434570e-01 -8.508986234664916992e-02 -8.615104556083679199e-01 8.767036199569702148e-01 -1.105341762304306030e-01 -5.563223361968994141e-01 -2.140247672796249390e-01 3.093827664852142334e-01 -7.363153100013732910e-01 -1.291333232074975967e-02
-4.389192759990692139e-01 2.782737314701080322e-01 4.366789385676383972e-02 8.836498260498046875e-01 4.585904181003570557e-01 2.655249834060668945e-01 1.509378105401992798e-01 -5.062243938446044922e-01 -5.739608407020568848e-01 6.596382707357406616e-02 5.912719964981079102e-01 -3.926545977592468262e-01 -3.322863876819610596e-01 -5.644670724868774414e-01
-3.671442866325378418e-01 -1.880999505519866943e-01 -7.374081015586853027e-01 6.940472722053527832e-01 -2.872782386839389801e-02 -8.151189684867858887e-01 4.523568749427795410e-01 -1.416174024343490601e-01 4.158011078834533691e-01 2.180861979722976685e-01 -7.965497672557830811e-02 2.009056508541107178e-01 -5.887531638145446777e-01 2.721619307994842529e-01
-6.259872913360595703e-01 -3.693335652351379395e-01 -4.492451548576354980e-01 6.854557991027832031e-01 3.234159350395202637e-01 -1.160369813442230225e-01 -6.989265680313110352e-01 -2.713426351547241211e-01 3.290693759918212891e-01 7.647210359573364258e-01 -9.862188994884490967e-02 1.779953241348266602e-01 2.501597106456756592e-01 3.525499105453491211e-01
4.473026990890502930e-01 -4.090475738048553467e-01 -2.344317585229873657e-01 -2.257573902606964111e-01 4.417868554592132568e-01 2.882209122180938721e-01 -9.430230259895324707e-01 6.439213156700134277e-01 -1.977818459272384644e-01 6.372656226158142090e-01 -7.629720866680145264e-02 4.761451184749603271e-01 2.165858000516891479e-01 5.332189798355102539e-01
-3.371413648128509521e-01 7.966976612806320190e-02 -1.085844159126281738e+00 1.016770958900451660e+00 -5.522835850715637207e-01 4.600982367992401123e-01 9.649529457092285156e-01 -6.404228210449218750e-01 -4.786460101604461670e-01 1.032863929867744446e-01 -4.093522727489471436e-01 -2.753672599792480469e-01 1.904917657375335693e-01 -8.970655202865600586e-01
7.625127434730529785e-01 -5.107102990150451660e-01 7.655638456344604492e-01 -8.342630267143249512e-01 5.202588438987731934e-01 -9.518728256225585938e-01 -2.093153744935989380e-01 9.496202319860458374e-02 -4.155468344688415527e-01 4.240066744387149811e-03 -1.653473377227783203e-01 1.885540187358856201e-01 6.684125661849975586e-01 -4.294011592864990234e-01
-2.126634567975997925e-01 1.091449856758117676e+00 -6.477316021919250488e-01 4.661231338977813721e-01 -5.257529020309448242e-01 5.525728315114974976e-02 1.299978852272033691e+00 -2.072420865297317505e-01 4.144192487001419067e-02 3.547790944576263428e-01 9.120513498783111572e-02 -2.802009880542755127e-01 -2.288884967565536499e-01 -6.055963635444641113e-01
-3.089346289634704590e-01 3.288365304470062256e-01 -6.077782511711120605e-01 1.606662511825561523e+00 -5.126870870590209961e-01 4.534160196781158447e-01 6.468756794929504395e-01 -1.383714005351066589e-02 4.235762059688568115e-01 1.674444042146205902e-02 -4.354091733694076538e-02 5.886328220367431641e-01 -1.402932554483413696e-01 -5.908662676811218262e-01
-4.775600731372833252e-01 5.734259486198425293e-01 -9.724282622337341309e-01 4.055391550064086914e-01 -5.349087119102478027e-01 -3.846725448966026306e-03 9.110026955604553223e-01 -1.026336383074522018e-02 -5.362653732299804688e-01 -3.298825398087501526e-02 -2.073315083980560303e-01 6.179232001304626465e-01 -4.430887848138809204e-02 2.393921017646789551e-01
-3.644958138465881348e-01 2.244273871183395386e-01 -1.550818979740142822e-01 4.725170731544494629e-01 -7.722862362861633301e-01 -3.715377449989318848e-01 8.117205500602722168e-01 1.709510982036590576e-01 -3.570158481597900391e-01 6.279883980751037598e-01 7.152440398931503296e-02 -2.404598295688629150e-01 -5.148966908454895020e-01 -1.792921125888824463e-01
-3.518082201480865479e-02 -3.248777985572814941e-01 -8.047212958335876465e-01 2.021448612213134766e-01 -1.403011381626129150e-01 -1.557816378772258759e-02 1.124874278903007507e-01 3.992745280265808105e-01 1.355774998664855957e-01 -8.204446732997894287e-02 1.989894211292266846e-01 -1.818049885332584381e-02 -7.741360664367675781e-01 -1.498378217220306396e-01
8.099264502525329590e-01 -2.469020634889602661e-01 3.063337802886962891e-01 -3.687547147274017334e-01 6.849348545074462891e-01 2.630340456962585449e-01 4.648647010326385498e-01 -3.260052502155303955e-01 2.234500646591186523e-01 -1.644333302974700928e-01 3.479980230331420898e-01 5.346850752830505371e-01 -2.951005697250366211e-01 4.237191006541252136e-02
