2.806609570980072021e-01 1.053337454795837402e-01 1.532700538635253906e+00 4.285333752632141113e-01 3.445734977722167969e-01 -4.224808812141418457e-01 2.861336171627044678e-01 -9.912236928939819336e-01 -3.917248249053955078e-01 -5.295819044113159180e-01 -3.701902925968170166e-01 -4.527982175350189209e-01 5.383805632591247559e-01 3.089963495731353760e-01
8.136314153671264648e-01 7.262211441993713379e-01 4.087798669934272766e-02 1.421715021133422852e+00 8.493852615356445312e-01 3.117855191230773926e-01 8.862335085868835449e-01 2.619981169700622559e-01 3.970727324485778809e-01 8.254202008247375488e-01 -3.891347944736480713e-01 5.374451726675033569e-02 1.421793341636657715e+00 1.579764008522033691e+00
-4.308302104473114014e-01 -7.482240200042724609e-01 2.273673534393310547e+00 -7.744054198265075684e-01 2.644817531108856201e-01 7.319609522819519043e-01 9.764547646045684814e-02 -3.895807862281799316e-01 -1.399387478828430176e+00 1.337440133094787598e+00 -1.050857305526733398e+00 -1.540879718959331512e-02 -2.698624432086944580e-01 1.789170622825622559e+00
6.110151410102844238e-01 1.106875181198120117e+00 2.841620892286300659e-02 -3.845118582248687744e-01 1.340620994567871094e+00 7.328281998634338379e-01 8.506747335195541382e-02 1.171592116355895996e+00 3.217312097549438477e-01 7.465757429599761963e-02 -1.443954408168792725e-01 7.211817502975463867e-01 2.253864765167236328e+00 1.749380826950073242e+00
1.296056628227233887e+00 4.919410645961761475e-01 -8.581825494766235352e-01 1.077528476715087891e+00 2.546917200088500977e-01 8.432443737983703613e-01 4.144530594348907471e-01 -2.490238249301910400e-01 1.604619383811950684e+00 -1.150179505348205566e-01 9.212948083877563477e-01 8.098952174186706543e-01 -4.432871043682098389e-01 1.726732105016708374e-01
-7.093421816825866699e-01 1.447956860065460205e-01 -1.317560911178588867e+00 3.769399881362915039e+00 2.492839843034744263e-01 5.111141204833984375e-01 2.979103803634643555e+00 -3.185628354549407959e-01 1.466338515281677246e+00 9.340605884790420532e-02 2.806255035102367401e-02 -6.876392960548400879e-01 -8.549167513847351074e-01 1.529553055763244629e+00
-2.353786706924438477e+00 -4.202933907508850098e-01 -6.429997086524963379e-01 1.856532096862792969e+00 6.116278767585754395e-01 5.069369077682495117e-01 1.815642595291137695e+00 -1.686649471521377563e-01 1.546181291341781616e-01 -8.177156746387481689e-02 -4.032096266746520996e-01 -1.167779922485351562e+00 -1.931960821151733398e+00 1.426540255546569824e+00
-3.638711571693420410e-01 1.501022934913635254e+00 -2.213196456432342529e-01 -4.815400838851928711e-01 -4.485611915588378906e-01 3.554864823818206787e-01 -4.436303377151489258e-01 2.002477884292602539e+00 2.755064964294433594e-01 7.418521642684936523e-01 -6.717164516448974609e-01 1.551810503005981445e+00 -4.378563463687896729e-01 7.725255191326141357e-02
-5.776142477989196777e-01 7.810616493225097656e-01 1.252030968666076660e+00 5.082090497016906738e-01 8.254114985466003418e-01 3.742644786834716797e+00 -9.679124355316162109e-01 1.937672495841979980e-01 -2.795024216175079346e-01 -2.004748106002807617e+00 2.424394786357879639e-01 1.384087055921554565e-01 -2.627478122711181641e+00 -4.093243181705474854e-01
5.306268334388732910e-01 -5.647393409162759781e-03 2.033368647098541260e-01 2.613313123583793640e-02 9.802368879318237305e-01 -9.959551095962524414e-01 1.748085260391235352e+00 9.438408017158508301e-01 2.111609458923339844e+00 7.729494571685791016e-01 6.767458319664001465e-01 2.176759578287601471e-02 -2.017311900854110718e-01 8.774796128273010254e-01
1.636178612709045410e+00 -3.949943482875823975e-01 -4.130975902080535889e-01 -4.766128063201904297e-01 1.084291096776723862e-02 1.478259801864624023e+00 1.397901475429534912e-01 1.344080328941345215e+00 4.018706977367401123e-01 6.097577810287475586e-01 -5.316349267959594727e-01 8.061271309852600098e-01 -7.137945890426635742e-01 9.825458526611328125e-01
