-2.456530034542083740e-01 2.238145619630813599e-01 -4.231991171836853027e-01 -5.449194312095642090e-01 1.785201728343963623e-01 3.971611857414245605e-01 1.470432877540588379e-01 1.483113020658493042e-01 5.618624687194824219e-01 2.239067703485488892e-01 -2.617100179195404053e-01 1.579877138137817383e-01 -1.515939682722091675e-01 1.112913727760314941e+00
-5.993351340293884277e-02 1.525887846946716309e-01 -3.981906473636627197e-01 2.789569497108459473e-01 -4.999968707561492920e-01 -1.743783205747604370e-01 -2.546273469924926758e-01 3.704524338245391846e-01 -5.858760327100753784e-02 3.057924509048461914e-01 -1.206821799278259277e-01 4.376493692398071289e-01 -6.594794988632202148e-02 -7.273184657096862793e-01
2.306894659996032715e-01 3.786705732345581055e-01 1.372514069080352783e-01 1.409759640693664551e+00 3.050097525119781494e-01 -1.902043819427490234e-01 1.880066096782684326e-01 4.802728891372680664e-01 7.174733877182006836e-01 -6.428166627883911133e-01 6.608298420906066895e-01 -8.250132203102111816e-01 6.154588237404823303e-02 2.367474734783172607e-01
7.389160990715026855e-02 -1.801660060882568359e-01 -3.400553762912750244e-01 5.276576280593872070e-01 -1.684388816356658936e-01 2.549083530902862549e-01 -2.370146811008453369e-01 -3.946791291236877441e-01 8.847063183784484863e-01 -5.470563843846321106e-02 8.209892511367797852e-01 -3.681866526603698730e-01 2.567150592803955078e-01 4.712621867656707764e-01
-1.953237205743789673e-01 -3.861714303493499756e-01 -3.212287425994873047e-01 -1.408510841429233551e-02 2.243652939796447754e-01 1.160440593957901001e-01 -2.580529153347015381e-01 -8.091817796230316162e-02 2.591079473495483398e-01 1.151965931057929993e-01 -3.391245901584625244e-01 -3.190857768058776855e-01 4.441419541835784912e-01 1.651582419872283936e-01
-3.741976320743560791e-01 2.276194840669631958e-01 -1.026785969734191895e+00 -6.659942120313644409e-02 -7.451119422912597656e-01 1.297985613346099854e-01 2.725343219935894012e-02 -2.647452354431152344e-01 -3.608585894107818604e-01 2.522956579923629761e-02 -3.275057375431060791e-01 -3.818143606185913086e-01 -4.467497467994689941e-01 -4.422572255134582520e-01
-4.022427797317504883e-01 7.603709399700164795e-02 -2.878161668777465820e-01 -7.354616373777389526e-02 -5.171940848231315613e-02 -3.074698448181152344e-01 -3.670541644096374512e-01 2.481977492570877075e-01 1.319731026887893677e-01 2.007884681224822998e-01 3.328040838241577148e-01 1.589867621660232544e-01 6.927990913391113281e-01 1.118967235088348389e-01
-4.391390979290008545e-01 1.305179446935653687e-01 3.611389696598052979e-01 -2.618105113506317139e-01 -1.104407534003257751e-01 -3.018039092421531677e-02 -3.796713650226593018e-01 -4.991115033626556396e-01 1.844105869531631470e-01 -2.403017133474349976e-01 -4.054037928581237793e-01 1.662770509719848633e-01 -5.883592963218688965e-01 -1.194352149963378906e+00
1.099109053611755371e-01 -1.707420945167541504e-01 8.274935483932495117e-01 -5.619485396891832352e-03 -1.525299698114395142e-01 -3.608725070953369141e-01 7.002564072608947754e-01 -7.800745218992233276e-02 8.024659007787704468e-02 2.874326519668102264e-02 5.370479077100753784e-02 5.246883034706115723e-01 8.479115962982177734e-01 6.352183818817138672e-01
7.318437844514846802e-02 5.225008130073547363e-01 -6.264955550432205200e-02 1.899272203445434570e-01 7.497134059667587280e-02 2.844347036443650723e-04 2.782950401306152344e-01 -2.006811946630477905e-01 -1.632141470909118652e-01 1.039448454976081848e-01 6.226807236671447754e-01 4.635944366455078125e-01 4.855699837207794189e-01 2.944820225238800049e-01
-1.986823678016662598e-01 -5.695738196372985840e-01 2.434656172990798950e-01 6.759972572326660156e-01 -1.433662325143814087e-01 2.579974830150604248e-01 6.539511680603027344e-02 1.708918064832687378e-01 6.295169144868850708e-02 3.412019908428192139e-01 -3.186813555657863617e-03 1.332649290561676025e-01 3.990905582904815674e-01 3.831877112388610840e-01
2.108097821474075317e-01 -3.197574317455291748e-01 -8.386904001235961914e-02 3.573556244373321533e-02 4.225278794765472412e-01 -6.219649314880371094e-01 3.992711007595062256e-01 -5.404279828071594238e-01 4.048279523849487305e-01 5.748416781425476074e-01 -1.500294804573059082e-01 5.154543519020080566e-01 1.560587584972381592e-01 5.352035164833068848e-01
7.883353829383850098e-01 -3.705674037337303162e-02 -4.093628227710723877e-01 -2.013745158910751343e-01 -5.184471607208251953e-01 2.804267108440399170e-01 -1.253650337457656860e-01 2.716214656829833984e-01 1.063525795936584473e+00 9.101548045873641968e-02 -5.183046683669090271e-02 3.687078952789306641e-01 -2.467887699604034424e-01 1.308688670396804810e-01
2.170632332563400269e-01 -3.396210372447967529e-01 -1.945855095982551575e-02 -5.363036990165710449e-01 -5.413292050361633301e-01 -7.970114797353744507e-02 1.507761776447296143e-01 2.241313606500625610e-01 1.272053569555282593e-01 -8.536797165870666504e-01 2.632554061710834503e-02 7.485116124153137207e-01 -2.671452760696411133e-01 -1.027404218912124634e-01
