-3.280246555805206299e-01 2.101988047361373901e-01 -3.647926151752471924e-01 3.478467464447021484e-01 -9.360486268997192383e-02 1.329554766416549683e-01 4.880519807338714600e-01 -4.316099584102630615e-01 -3.184202313423156738e-01 1.904633492231369019e-01 -1.477107405662536621e-01 -6.395522952079772949e-01 6.551226377487182617e-01 8.492251038551330566e-01
-4.606158435344696045e-01 4.187818467617034912e-01 1.299568414688110352e-01 -2.022075951099395752e-01 6.955114752054214478e-02 -3.713630512356758118e-02 -4.211501479148864746e-01 1.291580796241760254e-01 -2.924519181251525879e-01 -2.179485261440277100e-01 -4.352229833602905273e-01 -2.695496380329132080e-01 4.196062386035919189e-01 -1.088229939341545105e-01
1.154442191123962402e+00 -8.063848018646240234e-01 -1.625853925943374634e-01 -7.045938372611999512e-01 -1.118963718414306641e+00 -3.274805247783660889e-01 -8.371852338314056396e-02 -8.189205825328826904e-02 1.267675161361694336e+00 -1.130588054656982422e+00 2.632156610488891602e-01 -3.619128465652465820e-01 -2.172987699508666992e+00 -2.420181483030319214e-01
-1.783981919288635254e+00 1.110806018114089966e-01 7.193287014961242676e-01 3.319211006164550781e-01 -1.638848334550857544e-01 1.026139110326766968e-01 -3.488647341728210449e-01 1.528502345085144043e+00 -3.820612728595733643e-01 1.580782383680343628e-01 -5.566926598548889160e-01 -5.177487730979919434e-01 7.158536911010742188e-01 -7.539966106414794922e-01
-1.619617462158203125e+00 1.231837123632431030e-01 -3.893295526504516602e-01 1.624749898910522461e+00 5.269644856452941895e-01 -6.764937043190002441e-01 -7.366165518760681152e-02 7.663385272026062012e-01 -1.195183038711547852e+00 -6.239749789237976074e-01 -8.369587659835815430e-01 -1.035751938819885254e+00 7.068555355072021484e-01 1.198613166809082031e+00
9.097723960876464844e-01 -2.656593918800354004e-02 -5.543065667152404785e-01 -2.382102966308593750e+00 -1.105083346366882324e+00 -2.038908243179321289e+00 -9.013580679893493652e-01 -7.601628303527832031e-01 -4.743615388870239258e-01 -3.417558073997497559e-01 -5.836965050548315048e-03 9.837680459022521973e-01 -9.155270457267761230e-01 -2.046495825052261353e-01
2.008511066436767578e+00 5.860322117805480957e-01 -3.503321707248687744e-01 -3.547461509704589844e+00 -2.291651666164398193e-01 -1.066083669662475586e+00 -7.352121472358703613e-01 -7.973651587963104248e-02 6.344726085662841797e-01 4.451733529567718506e-01 -2.344306260347366333e-01 2.168303251266479492e+00 -1.032338023185729980e+00 -6.244829893112182617e-01
-8.256977200508117676e-01 1.042227149009704590e+00 -9.423218369483947754e-01 7.022502422332763672e-01 5.429406762123107910e-01 -2.087781876325607300e-01 7.633422017097473145e-01 2.281037807464599609e+00 -2.882312834262847900e-01 -1.563796699047088623e-01 6.816050410270690918e-01 -1.076128363609313965e+00 9.790487885475158691e-01 -6.208820939064025879e-01
2.677017211914062500e+00 1.527927964925765991e-01 -5.729333400726318359e+00 1.125890135765075684e+00 3.523639440536499023e+00 2.244987249374389648e+00 2.179477691650390625e+00 -2.326555401086807251e-01 7.994087338447570801e-01 4.380979835987091064e-01 -5.521661043167114258e-02 8.071539402008056641e-01 8.461374044418334961e-01 -3.002149105072021484e+00
-1.061624288558959961e+00 4.222666844725608826e-02 2.161995887756347656e+00 -1.051639199256896973e+00 -2.034331560134887695e+00 -4.342750608921051025e-01 -9.644659757614135742e-01 1.215283870697021484e+00 -1.292188525199890137e+00 -7.010946869850158691e-01 -6.547800898551940918e-01 -6.565095484256744385e-02 -2.829459011554718018e-01 2.047935247421264648e+00
1.940162032842636108e-01 -1.365261077880859375e-01 -2.936672866344451904e-01 -9.740003943443298340e-01 -6.163593530654907227e-01 -5.122796297073364258e-01 -5.568146109580993652e-01 1.043203473091125488e+00 1.456844210624694824e-01 -2.037074804306030273e+00 6.018814817070960999e-02 4.956155419349670410e-01 -6.690996885299682617e-01 1.087625026702880859e+00
