7.074240595102310181e-02 -5.174030065536499023e-01 5.087808370590209961e-01 1.988045871257781982e-01 2.310276180505752563e-01 -3.061535656452178955e-01 7.632597088813781738e-01 -7.694792002439498901e-02 -2.349562644958496094e-01 2.965430915355682373e-01 9.979217499494552612e-02 -3.781388998031616211e-01 -1.271675378084182739e-01 3.306419551372528076e-01
1.079635739326477051e+00 -5.274829268455505371e-01 7.923989295959472656e-01 1.404236197471618652e+00 2.610095143318176270e-01 2.470508515834808350e-01 -3.615077435970306396e-01 6.822806596755981445e-01 -3.897153139114379883e-01 -1.862075477838516235e-01 1.337129026651382446e-01 2.419315278530120850e-01 1.052192091941833496e+00 1.373165130615234375e+00
2.272377163171768188e-01 -1.100622653961181641e+00 3.726222813129425049e-01 -1.443162202835083008e+00 1.585203766822814941e+00 -2.326937019824981689e-01 -1.532614976167678833e-01 -3.139928579330444336e-01 -8.359654545783996582e-01 8.136065602302551270e-01 -8.879710435867309570e-01 4.372395575046539307e-01 -8.416876196861267090e-01 5.725390911102294922e-01
9.398751258850097656e-01 1.763513684272766113e+00 6.799599528312683105e-01 -7.255820930004119873e-02 1.096371293067932129e+00 4.339942336082458496e-01 -1.203981757164001465e+00 1.770969271659851074e+00 -5.913265794515609741e-02 3.773690164089202881e-01 -6.979908943176269531e-01 9.249954819679260254e-01 2.350981950759887695e+00 1.329330086708068848e+00
1.565778851509094238e+00 3.292552232742309570e-01 -1.556510776281356812e-01 8.426403999328613281e-02 4.369915127754211426e-01 2.428680211305618286e-01 9.595575183629989624e-02 4.905298650264739990e-01 9.178889393806457520e-01 -1.033280864357948303e-01 2.182463705539703369e-01 4.647061228752136230e-01 -9.530464559793472290e-02 4.365036785602569580e-01
-8.613185286521911621e-01 -2.355450242757797241e-01 -8.258915543556213379e-01 2.294446468353271484e+00 1.420406222343444824e+00 7.913484573364257812e-01 1.623868823051452637e+00 -5.722079873085021973e-01 1.234394311904907227e+00 -1.312156319618225098e-01 7.871094942092895508e-01 -4.666048884391784668e-01 -2.612169682979583740e-01 1.475016713142395020e+00
-2.662370681762695312e+00 3.471578955650329590e-01 -9.620965123176574707e-01 1.594734191894531250e+00 1.166500926017761230e+00 4.805292785167694092e-01 1.180946469306945801e+00 -1.434774324297904968e-02 -4.043733477592468262e-01 -3.612142205238342285e-01 4.384342953562736511e-02 -1.039096593856811523e+00 -9.649535417556762695e-01 1.366320133209228516e+00
-7.901519536972045898e-02 1.290705919265747070e+00 -3.149044513702392578e-01 4.308741092681884766e-01 3.547178208827972412e-01 4.913551807403564453e-01 -5.581350326538085938e-01 1.147962093353271484e+00 -5.153278708457946777e-01 -7.274863868951797485e-02 -6.505438685417175293e-01 1.304203152656555176e+00 -8.874014019966125488e-01 -5.392612218856811523e-01
-2.508989810943603516e+00 3.678026795387268066e-01 1.724934101104736328e+00 2.300675153732299805e+00 2.413630247116088867e+00 5.652780532836914062e+00 -2.918525934219360352e+00 -3.850279152393341064e-01 -9.324166178703308105e-01 -5.399968624114990234e+00 1.066296100616455078e-01 -1.521052867174148560e-01 -1.300601840019226074e+00 -7.143999338150024414e-01
1.961112976074218750e+00 -9.453937411308288574e-01 -4.312949478626251221e-01 -6.502047777175903320e-01 6.821325421333312988e-01 -1.312782049179077148e+00 3.105262994766235352e+00 1.241348147392272949e+00 1.243849277496337891e+00 7.549862265586853027e-01 7.332757711410522461e-01 8.477886915206909180e-01 1.509474664926528931e-01 1.188106060028076172e+00
7.147253751754760742e-01 1.310088485479354858e-01 1.435943692922592163e-01 6.953073740005493164e-01 2.524320602416992188e+00 9.912914633750915527e-01 -1.033375263214111328e-01 1.363539338111877441e+00 -2.406363785266876221e-01 -2.659834027290344238e-01 -3.549796640872955322e-01 7.333537936210632324e-01 -2.356975227594375610e-01 1.217790007591247559e+00
