-8.910262584686279297e-02 5.456106662750244141e-01 -2.355553954839706421e-01 -2.913188338279724121e-01 -7.561759352684020996e-01 1.962568759918212891e-01 3.871717257425189018e-03 2.173507213592529297e-01 -9.351788163185119629e-01 -1.154411397874355316e-02 2.316384613513946533e-01 -6.213096380233764648e-01 -3.682166710495948792e-02 -3.363947868347167969e-01
-5.904666185379028320e-01 -7.562500834465026855e-01 -4.946996271610260010e-01 -2.573667168617248535e-01 -6.293485313653945923e-02 -5.999054312705993652e-01 4.198371767997741699e-01 -1.635038256645202637e-01 6.072666868567466736e-02 1.172716543078422546e-01 -5.787692070007324219e-01 4.160996973514556885e-01 -1.061175584793090820e+00 -2.802708446979522705e-01
-6.469910740852355957e-01 -3.719759583473205566e-01 -6.491751670837402344e-01 -6.076428890228271484e-01 -9.233117699623107910e-01 -1.218737840652465820e+00 3.114257752895355225e-01 2.583857439458370209e-02 -1.180261492729187012e+00 2.520270049571990967e-01 -9.222946166992187500e-01 8.839273452758789062e-01 -5.964694619178771973e-01 6.885892711579799652e-03
9.870322793722152710e-02 1.548402428627014160e+00 9.227125644683837891e-01 7.489436119794845581e-02 6.704640388488769531e-01 2.605302631855010986e-01 3.483183979988098145e-01 1.214526891708374023e+00 3.799026906490325928e-01 2.876776270568370819e-02 -7.780754566192626953e-02 2.736378908157348633e-01 -1.812930703163146973e-01 9.208627343177795410e-01
2.346969097852706909e-01 4.384538233280181885e-01 -1.306414455175399780e-01 -2.474655210971832275e-01 -8.206668496131896973e-01 2.355901151895523071e-01 2.185229212045669556e-01 3.181063234806060791e-01 4.873154759407043457e-01 3.927053883671760559e-02 -1.078939586877822876e-01 -1.977792829275131226e-01 -2.569400668144226074e-01 -6.634074449539184570e-01
-6.151430606842041016e-01 4.484702944755554199e-01 -2.180819511413574219e-01 -2.010151147842407227e-01 -4.245010912418365479e-01 9.501069188117980957e-01 -7.288467884063720703e-01 -3.941398262977600098e-01 1.290469914674758911e-01 -6.176329851150512695e-01 -2.208182960748672485e-01 5.193654447793960571e-02 -9.572278261184692383e-01 -1.024092674255371094e+00
-9.303664565086364746e-01 7.040479183197021484e-01 7.397496700286865234e-02 -2.601504921913146973e-01 -1.045190334320068359e+00 6.440491080284118652e-01 -7.384395599365234375e-01 -5.015730112791061401e-02 -2.029409110546112061e-01 1.481658965349197388e-02 2.527562975883483887e-01 1.810541450977325439e-01 -2.625295519828796387e-01 -1.208477258682250977e+00
-1.157397702336311340e-01 1.215312361717224121e+00 -4.765925407409667969e-01 4.568549096584320068e-01 -4.520555734634399414e-01 1.494692116975784302e-01 -3.177188932895660400e-01 2.136360883712768555e+00 1.100516393780708313e-01 4.935103952884674072e-01 -7.606377005577087402e-01 7.919641733169555664e-01 -6.126530170440673828e-01 -5.176031589508056641e-01
-1.607864975929260254e+00 1.173681139945983887e+00 1.211470484733581543e+00 2.915262579917907715e-01 -1.446000099182128906e+00 4.964239120483398438e+00 -2.884130477905273438e+00 -1.621024131774902344e+00 -3.398322165012359619e-01 -3.535126686096191406e+00 -2.819351553916931152e-01 2.577298879623413086e-01 -3.950481303036212921e-03 -2.869883775711059570e+00
8.662753701210021973e-01 2.647184729576110840e-01 -7.213826179504394531e-01 -1.125021815299987793e+00 -1.793554425239562988e+00 -1.070199608802795410e+00 6.638628840446472168e-01 2.753660976886749268e-01 1.234184265136718750e+00 3.030205368995666504e-01 3.329246640205383301e-01 7.856415957212448120e-02 -5.147286653518676758e-01 -1.363963007926940918e+00
-9.075389504432678223e-01 -7.077475786209106445e-01 -2.206093072891235352e-01 -1.323016643524169922e+00 -9.284853935241699219e-01 -2.621603608131408691e-01 -4.622291624546051025e-01 4.363195598125457764e-02 -6.092422604560852051e-01 -2.725779116153717041e-01 -1.126168727874755859e+00 7.388836145401000977e-01 1.039153456687927246e+00 8.719950169324874878e-02
