-6.804666519165039062e-01 5.737949609756469727e-01 -3.852047920227050781e-01 8.024775236845016479e-02 -8.590398430824279785e-01 -2.084998488426208496e-01 3.407731950283050537e-01 -4.290523827075958252e-01 4.785209596157073975e-01 3.501542210578918457e-01 -1.409121006727218628e-01 -4.821548759937286377e-01 -7.164313197135925293e-01 -3.632548749446868896e-01
-1.141918823122978210e-01 -2.012466043233871460e-01 -1.079928874969482422e-01 -3.632774353027343750e-01 7.775425314903259277e-01 -4.925042986869812012e-01 2.108410298824310303e-01 -3.699512034654617310e-02 -8.560639619827270508e-01 -2.779447473585605621e-02 7.976347208023071289e-02 5.984531044960021973e-01 8.930779695510864258e-01 3.401552513241767883e-02
4.789479374885559082e-01 1.810623854398727417e-01 -5.081310868263244629e-01 2.000717371702194214e-01 -1.395269036293029785e-01 -8.195132017135620117e-02 9.240627288818359375e-01 -1.419718563556671143e-01 3.906245231628417969e-01 4.222410321235656738e-01 1.721390336751937866e-01 -1.360758543014526367e-01 -6.854029893875122070e-01 -6.919661164283752441e-01
4.952565729618072510e-01 -5.445157885551452637e-01 1.442226767539978027e-01 2.962546646595001221e-01 3.394584059715270996e-01 -2.412430793046951294e-01 -1.083505377173423767e-01 2.381579875946044922e-01 -1.027193069458007812e+00 3.962379992008209229e-01 1.142706871032714844e+00 5.998368263244628906e-01 9.721653163433074951e-02 7.912258505821228027e-01
-5.334106832742691040e-02 1.319670230150222778e-01 -1.493149250745773315e-01 -3.056772947311401367e-01 4.167224764823913574e-01 7.810558676719665527e-01 -5.934355258941650391e-01 -1.699578315019607544e-01 -3.532947301864624023e-01 -3.447175025939941406e-01 1.680647730827331543e-01 -1.554650962352752686e-01 5.813401937484741211e-02 -1.383044570684432983e-01
-3.290016949176788330e-01 5.515946745872497559e-01 -3.507363498210906982e-01 4.762561619281768799e-01 -1.369058370590209961e+00 4.167122244834899902e-01 6.283180713653564453e-01 -2.551770210266113281e-01 7.640404701232910156e-01 -3.078922033309936523e-01 -8.324803709983825684e-01 3.612122684717178345e-02 -9.795799255371093750e-01 -3.192598521709442139e-01
-1.566262543201446533e-01 6.948066353797912598e-01 5.515947341918945312e-01 -2.597604095935821533e-01 -1.237511396408081055e+00 4.102544486522674561e-01 3.755178749561309814e-01 -5.829113721847534180e-01 2.968440949916839600e-01 -4.939907789230346680e-01 -9.415139555931091309e-01 -4.417779743671417236e-01 -8.078851699829101562e-01 -1.078612327575683594e+00
3.196429312229156494e-01 5.831978321075439453e-01 6.638261675834655762e-02 -4.782095253467559814e-01 -6.692399382591247559e-01 -3.269969224929809570e-01 7.401133775711059570e-01 2.444164128974080086e-03 7.320057749748229980e-01 -1.590464711189270020e-01 -2.588695287704467773e-01 -2.460479289293289185e-01 -3.405540809035301208e-02 1.657484918832778931e-01
1.612662337720394135e-02 -5.352635979652404785e-01 -1.302339881658554077e-01 3.620674908161163330e-01 -2.250631600618362427e-01 6.762147545814514160e-01 1.197386264801025391e+00 -5.439646244049072266e-01 -5.840850472450256348e-01 -2.560692131519317627e-01 8.122633099555969238e-01 3.929566740989685059e-01 6.397764086723327637e-01 -2.277267724275588989e-01
3.232020139694213867e-01 9.723003506660461426e-01 -4.925462976098060608e-02 2.103510349988937378e-01 -5.791261196136474609e-01 4.369468614459037781e-02 1.117507293820381165e-01 -2.563959658145904541e-01 5.498542450368404388e-03 -1.658514738082885742e-01 -1.430782210081815720e-02 -4.025221243500709534e-02 -4.346863627433776855e-01 -6.375342607498168945e-02
-3.074589371681213379e-02 -4.465866386890411377e-01 5.997111797332763672e-01 -6.555075198411941528e-02 2.405351400375366211e-01 -5.336436033248901367e-01 -3.701383769512176514e-01 1.466868668794631958e-01 1.165879726409912109e+00 -2.414891868829727173e-01 -1.635227724909782410e-02 6.184144616127014160e-01 1.211161389946937561e-01 1.071713328361511230e+00
-5.929848179221153259e-02 -4.756821691989898682e-01 4.638562500476837158e-01 -2.054013460874557495e-01 2.637723684310913086e-01 -2.712155878543853760e-01 -1.140672683715820312e+00 5.785269141197204590e-01 4.168400540947914124e-02 -8.128935694694519043e-01 -4.631528854370117188e-01 -1.976398937404155731e-02 -8.260648846626281738e-01 -2.587793171405792236e-01
2.818109989166259766e-01 3.442954123020172119e-01 4.710587263107299805e-01 -9.554995922371745110e-04 4.868002980947494507e-02 2.290380187332630157e-02 -6.423275470733642578e-01 4.044538363814353943e-02 7.742516398429870605e-01 -2.413347512483596802e-01 -3.905376791954040527e-01 -1.566049158573150635e-01 3.089410364627838135e-01 3.178054988384246826e-01
4.552593827247619629e-01 1.738452911376953125e-01 1.386518031358718872e-02 1.216588243842124939e-01 -7.102138400077819824e-01 -1.796964854001998901e-01 -5.718537569046020508e-01 -4.483972787857055664e-01 1.182975172996520996e+00 -4.246403872966766357e-01 -8.641203641891479492e-01 1.205812469124794006e-01 3.512343466281890869e-01 -3.741587400436401367e-01
