-1.129274845123291016e+00 2.875567972660064697e-01 -7.050853967666625977e-01 -7.503504157066345215e-01 -9.660779237747192383e-01 -1.673502326011657715e+00 -3.940451741218566895e-01 -1.793427944183349609e+00 -5.504705905914306641e-01 -6.194260120391845703e-01 8.416727185249328613e-01 -1.870252847671508789e+00 3.704044818878173828e-01 -4.734616875648498535e-01
1.114878296852111816e+00 8.489534854888916016e-01 2.140720129013061523e+00 9.102861881256103516e-01 2.358563393354415894e-01 1.199974060058593750e+00 4.719164669513702393e-01 1.264574408531188965e+00 1.592566609382629395e+00 -2.840504646301269531e-01 -1.260133236646652222e-01 6.283801794052124023e-01 1.114279031753540039e-01 3.723346590995788574e-01
6.229566335678100586e-01 -1.086848139762878418e+00 -1.616234183311462402e+00 4.143365472555160522e-02 -1.785038597881793976e-02 -6.542127728462219238e-01 1.971389800310134888e-01 2.117354869842529297e-01 3.263836503028869629e-01 4.440393149852752686e-01 4.207140505313873291e-01 1.321594864130020142e-01 -2.827712148427963257e-02 1.260830283164978027e+00
-3.678084611892700195e-01 -1.158208608627319336e+00 -8.622046560049057007e-03 -1.283752918243408203e+00 1.128028631210327148e+00 3.937283456325531006e-01 4.341763257980346680e-01 1.505783796310424805e+00 -2.231852769851684570e+00 1.124332070350646973e+00 -2.196485280990600586e+00 3.873640000820159912e-01 -4.951527118682861328e-01 -5.254532098770141602e-01
-1.513165712356567383e+00 5.876927375793457031e-01 2.305963754653930664e+00 -1.995998620986938477e-01 4.543025791645050049e-01 3.047148585319519043e-01 1.596441864967346191e+00 6.732130646705627441e-01 3.371459841728210449e-01 -1.757788062095642090e-01 -3.067962169647216797e+00 1.492015421390533447e-01 2.033144533634185791e-01 -2.268719673156738281e-01
-2.270710840821266174e-02 3.174723982810974121e-01 1.369384884834289551e+00 -2.008757889270782471e-01 6.397331953048706055e-01 6.636157631874084473e-01 8.596705198287963867e-01 2.226086616516113281e+00 4.456340074539184570e-01 -3.619897961616516113e-01 -8.355460762977600098e-01 6.003251075744628906e-01 -5.058388113975524902e-01 1.420654058456420898e-01
-3.001655340194702148e-01 -6.744178533554077148e-01 -7.011963725090026855e-01 -4.416322708129882812e-01 -3.811219036579132080e-01 -1.221388816833496094e+00 -4.023866653442382812e-01 -7.308452725410461426e-01 -3.223410546779632568e-01 -7.268593907356262207e-01 -1.245064258575439453e+00 -7.018052339553833008e-01 -6.840141415596008301e-01 -3.838165104389190674e-02
4.139803946018218994e-01 4.302910342812538147e-02 -2.113417387008666992e-01 1.230735182762145996e+00 -5.067443251609802246e-01 1.229892373085021973e+00 4.980866909027099609e-01 -1.254995167255401611e-01 1.055630087852478027e+00 -2.831484079360961914e-01 1.253427267074584961e+00 -6.269291508942842484e-03 8.323333859443664551e-01 5.526133775711059570e-01
-5.704557299613952637e-01 -4.221811294555664062e-01 -1.148197293281555176e+00 -5.175849199295043945e-01 -1.533742714673280716e-02 -9.065785408020019531e-01 -5.938537120819091797e-01 -6.035804748535156250e-01 -4.150887131690979004e-01 -3.653959631919860840e-01 -4.061663746833801270e-01 -1.204836726188659668e+00 1.235296875238418579e-01 -4.372117221355438232e-01
-6.355347633361816406e-01 -9.128170609474182129e-01 -3.774479031562805176e-01 2.475028038024902344e-01 -1.484001725912094116e-01 -1.011545300483703613e+00 -7.361406683921813965e-01 -1.964261978864669800e-01 -4.036710038781166077e-02 -3.382292389869689941e-01 -4.543868899345397949e-01 2.705528633669018745e-03 -9.148290753364562988e-01 -7.103698849678039551e-01
-2.878377735614776611e-01 -5.320293903350830078e-01 -1.168570041656494141e+00 -2.902457118034362793e-01 -4.352717995643615723e-01 -1.450415968894958496e+00 -2.144565880298614502e-01 -8.921002745628356934e-01 2.239434868097305298e-01 3.497147560119628906e-01 -2.702395319938659668e-01 -9.514175057411193848e-01 -3.845104277133941650e-01 -3.623972833156585693e-01
-5.348217487335205078e-01 -3.713466525077819824e-01 -3.675555586814880371e-01 -6.163502931594848633e-01 -7.321102172136306763e-02 -1.113624691963195801e+00 -1.365388035774230957e-01 -1.549735903739929199e+00 1.756908893585205078e-01 -6.262817978858947754e-01 -8.737866282463073730e-01 -8.843702673912048340e-01 -7.247155904769897461e-01 -2.397657334804534912e-01
8.863258361816406250e-01 3.672991991043090820e-01 1.517296314239501953e+00 8.205109834671020508e-01 3.343918323516845703e-01 8.563290238380432129e-01 1.281363606452941895e+00 1.299991488456726074e+00 1.210559844970703125e+00 1.135978460311889648e+00 -2.523874759674072266e+00 1.613107562065124512e+00 -2.954014241695404053e-01 -9.918553382158279419e-02
5.683171153068542480e-01 -1.180028557777404785e+00 -3.025930523872375488e-01 4.364883303642272949e-01 -6.132509112358093262e-01 1.778539896011352539e+00 -8.367630839347839355e-01 3.165674805641174316e-01 3.013307414948940277e-02 4.015579819679260254e-01 1.342491865158081055e+00 1.399084091186523438e+00 9.204367399215698242e-01 -8.697002530097961426e-01
