-2.589496374130249023e-01 2.058402895927429199e-01 3.886460512876510620e-02 6.390140652656555176e-01 1.294647753238677979e-01 8.575733006000518799e-02 1.791508309543132782e-02 -9.950903654098510742e-01 -2.710942029953002930e-01 1.107082009315490723e+00 -9.326629638671875000e-01 -2.947672605514526367e-01 -6.798688173294067383e-01 -3.009198904037475586e-01
-4.472990706562995911e-02 -5.816996097564697266e-02 1.697378009557723999e-01 -2.407572716474533081e-01 -1.093959450721740723e+00 -4.926918447017669678e-02 4.900048971176147461e-01 -2.439972460269927979e-01 -3.213226497173309326e-01 -9.681177139282226562e-02 3.586621582508087158e-01 -7.835717797279357910e-01 -3.953662812709808350e-01 7.864030450582504272e-02
3.105518519878387451e-01 1.107793450355529785e+00 -7.210447639226913452e-02 8.323385566473007202e-02 9.519085884094238281e-01 -6.599879860877990723e-01 -5.281028151512145996e-01 5.748712420463562012e-01 1.167896836996078491e-01 1.008819788694381714e-01 1.003390789031982422e+00 1.700454115867614746e+00 1.197793960571289062e+00 1.005042552947998047e+00
5.824210047721862793e-01 9.791139513254165649e-02 8.033295869827270508e-01 3.754246830940246582e-01 1.988685876131057739e-01 1.485412478446960449e+00 -3.171852827072143555e-01 4.705209136009216309e-01 1.479804754257202148e+00 -1.654009670019149780e-01 1.201409548521041870e-01 -9.086735248565673828e-01 3.291622102260589600e-01 2.397548258304595947e-01
8.522766232490539551e-01 -1.729396581649780273e-01 -5.997216701507568359e-01 8.202469944953918457e-01 -5.339665412902832031e-01 1.786578297615051270e+00 6.459299921989440918e-01 8.328337073326110840e-01 2.142032980918884277e-01 -8.642764091491699219e-01 -1.345253456383943558e-02 -1.223686456680297852e+00 -4.637988507747650146e-01 -8.639033436775207520e-01
2.319914102554321289e-01 -1.304646730422973633e-01 7.249620556831359863e-01 3.132997751235961914e-01 -6.308512687683105469e-01 7.075983881950378418e-01 5.170273780822753906e-01 -3.288785517215728760e-01 -6.859220564365386963e-02 -1.620814353227615356e-01 -9.667212516069412231e-02 -5.381498336791992188e-01 -8.492866754531860352e-01 -3.330967128276824951e-01
6.692307591438293457e-01 -3.238492310047149658e-01 1.410714983940124512e-01 3.032461404800415039e-01 1.204956099390983582e-01 2.126711010932922363e-01 -6.606380343437194824e-01 8.445286750793457031e-01 6.609950661659240723e-01 5.219137668609619141e-01 8.326207399368286133e-01 4.520263671875000000e-01 2.921650707721710205e-01 -1.572477966547012329e-01
-4.228290617465972900e-01 -5.219654440879821777e-01 7.178906798362731934e-01 -8.514464646577835083e-02 2.229014337062835693e-01 -2.892114520072937012e-01 1.112587079405784607e-01 -1.702001094818115234e-01 -1.268586516380310059e+00 -7.339252233505249023e-01 3.445504307746887207e-01 2.812708318233489990e-01 3.333495557308197021e-01 4.092988967895507812e-01
3.658732771873474121e-01 -1.737278997898101807e-01 1.498373001813888550e-01 2.575221061706542969e-01 -1.162076368927955627e-01 -1.868332326412200928e-01 -1.786742508411407471e-01 6.825029253959655762e-01 1.731315702199935913e-01 4.800605475902557373e-01 1.706922650337219238e-01 4.907991290092468262e-01 4.142278730869293213e-01 4.662235081195831299e-01
2.140346914529800415e-01 1.269022822380065918e-01 -4.844252467155456543e-01 5.887385606765747070e-01 -9.137134253978729248e-02 9.949871301651000977e-01 -3.779856488108634949e-02 2.460793107748031616e-01 2.884449064731597900e-01 3.711633682250976562e-01 4.013906419277191162e-01 -4.406808316707611084e-01 2.636105120182037354e-01 6.627718359231948853e-02
3.040085732936859131e-01 -1.518416106700897217e-01 -4.393351674079895020e-01 7.283126115798950195e-01 -2.531239688396453857e-01 2.112381756305694580e-01 -2.003202438354492188e-01 9.225900769233703613e-01 8.487949967384338379e-01 3.966633975505828857e-01 7.050766944885253906e-01 3.354865610599517822e-01 -3.641158342361450195e-01 4.263886213302612305e-01
2.879566252231597900e-01 -7.689750194549560547e-02 1.173886731266975403e-01 6.524169445037841797e-01 5.514779686927795410e-01 -3.869832158088684082e-01 -3.147317767143249512e-01 4.689812362194061279e-01 4.807250201702117920e-01 -6.914864480495452881e-02 -4.162469506263732910e-01 -1.646333336830139160e-01 3.922187909483909607e-02 2.906045317649841309e-01
1.570463646203279495e-03 2.638042569160461426e-01 -4.492810964584350586e-01 8.379920125007629395e-01 -5.449810028076171875e-01 7.884219884872436523e-01 5.402408838272094727e-01 1.107143282890319824e+00 1.788996756076812744e-01 -7.789837121963500977e-01 -1.926592737436294556e-01 -1.719637960195541382e-01 2.648949027061462402e-01 -1.491468399763107300e-01
-6.470035016536712646e-02 -2.803680896759033203e-01 1.481990933418273926e+00 -1.464785337448120117e+00 2.515180706977844238e-01 -1.312362551689147949e+00 2.285999953746795654e-01 -1.306390643119812012e+00 -2.146561592817306519e-01 9.240843653678894043e-01 -1.905905455350875854e-01 4.315261542797088623e-01 -7.778620719909667969e-02 9.850743412971496582e-02
