9.413123130798339844e-01 8.454452753067016602e-01 1.226282119750976562e+00 3.860844671726226807e-01 -7.803515791893005371e-01 1.580015540122985840e+00 -1.011125519871711731e-01 1.687671691179275513e-01 1.099668383598327637e+00 1.988645046949386597e-01 1.316069245338439941e+00 -9.176530241966247559e-01 4.606063961982727051e-01 2.811369895935058594e-01
-4.891991019248962402e-01 2.736998498439788818e-01 4.766859114170074463e-01 5.270401835441589355e-01 -3.928474187850952148e-01 -6.707587242126464844e-01 -6.367360949516296387e-01 -9.306546449661254883e-01 2.415130734443664551e-01 -1.265417188405990601e-01 -3.566766083240509033e-01 -1.883334964513778687e-01 -2.188103646039962769e-01 -2.438918501138687134e-01
5.956700444221496582e-01 3.728007674217224121e-01 -7.008756995201110840e-01 -1.392176747322082520e+00 1.195858240127563477e+00 -1.536467112600803375e-02 1.479376554489135742e-01 2.087673902511596680e+00 -2.928569018840789795e-01 -2.653487324714660645e-01 -1.878184795379638672e+00 1.782887578010559082e+00 -7.670531272888183594e-01 -9.661865420639514923e-03
-1.203663587570190430e+00 -1.361191511154174805e+00 -2.078558921813964844e+00 1.093582391738891602e+00 -3.840797245502471924e-01 -1.547476172447204590e+00 1.098676249384880066e-01 -1.113693118095397949e+00 -2.403133392333984375e+00 -1.563444733619689941e-01 6.715907454490661621e-01 -2.127431631088256836e-01 3.322919309139251709e-01 5.247055292129516602e-01
-8.124035000801086426e-01 -1.276093274354934692e-01 8.013043999671936035e-01 1.842186927795410156e+00 -4.852568209171295166e-01 -1.006801519542932510e-02 -7.001146078109741211e-01 -1.278213620185852051e+00 3.698547482490539551e-01 -2.158583514392375946e-02 1.073974490165710449e+00 -1.050218701362609863e+00 4.757449626922607422e-01 6.887748241424560547e-01
-1.187905192375183105e+00 -2.008000016212463379e-01 2.447896301746368408e-01 3.817427456378936768e-01 -4.674267470836639404e-01 -4.170852005481719971e-01 6.307469308376312256e-02 -9.445751905441284180e-01 -4.477950632572174072e-01 4.230037629604339600e-01 1.109953165054321289e+00 -3.055363595485687256e-01 1.129940629005432129e+00 1.893221884965896606e-01
-4.809924066066741943e-01 -6.125223040580749512e-01 6.202924251556396484e-01 3.955368697643280029e-01 -2.466779053211212158e-01 3.502369821071624756e-01 5.192795991897583008e-01 -2.858638465404510498e-01 3.851730749011039734e-02 -1.664112657308578491e-01 7.713283896446228027e-01 -1.575722247362136841e-01 9.088482260704040527e-01 1.022429466247558594e+00
-2.106293737888336182e-01 6.444884538650512695e-01 -4.556448664516210556e-03 1.534782722592353821e-02 8.543204665184020996e-01 -4.103335738182067871e-01 4.168344140052795410e-01 -1.293291151523590088e-01 -2.435024529695510864e-01 5.437121987342834473e-01 6.481146216392517090e-01 1.963060796260833740e-01 -1.598308831453323364e-01 -7.403576374053955078e-01
1.010710150003433228e-01 -5.660094022750854492e-01 4.755944311618804932e-01 6.630287319421768188e-02 -5.261776447296142578e-01 7.966546416282653809e-01 7.307060360908508301e-01 -1.685426943004131317e-02 2.822830677032470703e-01 4.372345507144927979e-01 -7.693124562501907349e-02 -5.296648144721984863e-01 7.021751403808593750e-01 -7.673954218626022339e-02
-3.591245710849761963e-01 -5.607872605323791504e-01 4.618865847587585449e-01 2.121203988790512085e-01 -4.429802596569061279e-01 2.647331058979034424e-01 1.310624629259109497e-01 -6.637122035026550293e-01 1.145701766014099121e+00 3.927526175975799561e-01 4.516626000404357910e-01 -5.030719637870788574e-01 3.230926692485809326e-01 2.152934670448303223e-01
-3.207075893878936768e-01 -4.849481955170631409e-02 1.258424669504165649e-01 -8.849288523197174072e-02 -2.017379552125930786e-01 7.236239314079284668e-01 2.014104425907135010e-01 2.618777751922607422e-01 6.277133822441101074e-01 1.909230351448059082e-01 9.338256716728210449e-02 -3.861759230494499207e-02 6.915285587310791016e-01 2.227960973978042603e-01
5.870732069015502930e-01 2.866750955581665039e-01 1.066004037857055664e+00 -8.121745288372039795e-02 -1.880716681480407715e-01 1.886186957359313965e+00 3.167727589607238770e-01 1.540901064872741699e-01 9.271101951599121094e-01 -3.279910683631896973e-01 -1.795803159475326538e-01 -8.827103972434997559e-01 9.983799606561660767e-02 -8.199812844395637512e-03
-9.264830350875854492e-01 -4.649651050567626953e-01 4.251544177532196045e-01 1.292346000671386719e+00 -2.273006886243820190e-01 -4.501286447048187256e-01 -3.725635707378387451e-01 -9.294798970222473145e-01 2.886912086978554726e-03 -7.470328807830810547e-01 -2.745345532894134521e-01 -3.599773645401000977e-01 -4.025608301162719727e-01 5.986168384552001953e-01
6.647245883941650391e-01 -7.768917828798294067e-02 -1.052602648735046387e+00 -1.281127985566854477e-02 8.795363903045654297e-01 1.299046725034713745e-01 1.007818341255187988e+00 9.032246470451354980e-01 -1.966769456863403320e+00 -3.749508559703826904e-01 -1.136796593666076660e+00 1.989889621734619141e+00 -9.109883308410644531e-01 -5.768721103668212891e-01
