2.001629322767257690e-01 -7.925133407115936279e-02 1.256102442741394043e+00 3.006549775600433350e-01 2.642040699720382690e-02 -4.114214479923248291e-01 5.083336681127548218e-02 8.348910212516784668e-01 7.852784395217895508e-01 6.817407011985778809e-01 2.605395913124084473e-01 2.919672429561614990e-01 4.565922915935516357e-01 5.440911650657653809e-01
-2.031008750200271606e-01 3.139726519584655762e-01 -2.569332420825958252e-01 8.231329917907714844e-02 -1.373453140258789062e-01 3.180817365646362305e-01 3.595894277095794678e-01 -4.660566747188568115e-01 4.129567146301269531e-01 -2.379973232746124268e-01 -6.025597825646400452e-02 -3.231337964534759521e-01 2.947116494178771973e-01 -3.461969196796417236e-01
5.586861968040466309e-01 4.773645699024200439e-01 -4.363098368048667908e-02 3.327099978923797607e-01 1.465550810098648071e-01 -4.329498410224914551e-01 9.959828853607177734e-02 3.218622207641601562e-01 -2.206307500600814819e-01 -2.286676913499832153e-01 3.268191963434219360e-02 -8.064883947372436523e-02 1.305862665176391602e-01 1.222921848297119141e+00
-4.891909658908843994e-02 2.154496610164642334e-01 2.274903506040573120e-01 3.670513629913330078e-01 7.450083494186401367e-01 4.115937352180480957e-01 7.822001725435256958e-02 -3.012327551841735840e-01 -6.296548843383789062e-01 -1.916548460721969604e-01 2.957688570022583008e-01 -3.268258571624755859e-01 5.349032878875732422e-01 -2.363605201244354248e-01
-2.570665478706359863e-01 -1.804530620574951172e-02 7.429477572441101074e-01 3.630195856094360352e-01 2.388928532600402832e-01 2.066383510828018188e-01 -1.177244260907173157e-02 -1.659447103738784790e-01 -3.900746107101440430e-01 -2.846466004848480225e-01 8.712282776832580566e-02 5.396853685379028320e-01 4.300472140312194824e-02 1.533769071102142334e-01
2.719302475452423096e-01 2.417944371700286865e-01 1.090927198529243469e-01 1.734662801027297974e-01 1.482914835214614868e-01 -5.130145549774169922e-01 -5.100765228271484375e-01 1.703490167856216431e-01 2.503531277179718018e-01 -4.179567992687225342e-01 6.142870187759399414e-01 3.432654738426208496e-01 -1.999540179967880249e-01 -1.116598770022392273e-01
-5.075021386146545410e-01 1.016643881797790527e+00 5.213528871536254883e-01 1.111250594258308411e-01 1.643659025430679321e-01 -7.759141921997070312e-01 -3.828024566173553467e-01 6.032668352127075195e-01 1.467730104923248291e-01 -4.150075018405914307e-01 -5.709921196103096008e-02 3.124101087450981140e-02 -9.176360815763473511e-02 -7.199507206678390503e-02
2.168914377689361572e-01 -2.931267321109771729e-01 1.268943548202514648e-01 4.364702999591827393e-01 4.303486347198486328e-01 -6.910414099693298340e-01 -7.582060098648071289e-01 9.355173707008361816e-01 8.794586062431335449e-01 5.758891105651855469e-01 -1.767388135194778442e-01 3.201778829097747803e-01 -5.047402381896972656e-01 1.891734600067138672e-01
3.670416474342346191e-01 2.876209616661071777e-01 4.799846187233924866e-02 3.301970660686492920e-01 -5.980571508407592773e-01 -5.685567855834960938e-01 4.494477212429046631e-01 -1.827449053525924683e-01 -7.880687117576599121e-01 3.031763732433319092e-01 2.348780333995819092e-01 -2.280363589525222778e-01 -5.473089218139648438e-01 2.667735815048217773e-01
-5.854628086090087891e-01 -1.069492176175117493e-01 -3.547849357128143311e-01 6.850113868713378906e-01 -1.211250317282974720e-03 -4.452965855598449707e-01 -1.428922265768051147e-01 -3.975031673908233643e-01 2.839552164077758789e-01 -5.759615302085876465e-01 -2.021617293357849121e-01 -2.698182463645935059e-01 -2.387514859437942505e-01 3.734039962291717529e-01
-1.616207957267761230e-01 -2.353699952363967896e-01 -1.328403115272521973e+00 -1.360312700271606445e-01 2.416083067655563354e-01 -3.690012097358703613e-01 3.162060678005218506e-01 4.719923064112663269e-02 -8.126529306173324585e-02 -2.456179857254028320e-01 8.467075824737548828e-01 8.697587251663208008e-02 -1.233387514948844910e-01 1.697848588228225708e-01
-5.588184595108032227e-01 -5.605633854866027832e-01 3.020247258245944977e-02 -3.606807589530944824e-01 3.494411706924438477e-01 8.815189599990844727e-01 1.827128827571868896e-01 1.440835446119308472e-01 -3.268758058547973633e-01 -5.641343593597412109e-01 -1.983721554279327393e-01 -4.008110761642456055e-01 -2.740684747695922852e-01 -1.492981463670730591e-01
-3.071033954620361328e-01 1.276264786720275879e-01 -9.614719748497009277e-01 -1.010648757219314575e-01 2.968023717403411865e-02 7.050861418247222900e-02 -9.999365806579589844e-01 1.580601483583450317e-01 -1.755080521106719971e-01 6.948687136173248291e-02 6.311931181699037552e-03 2.694759368896484375e-01 3.969027101993560791e-01 7.922331802546977997e-03
-5.585470795631408691e-01 -5.314349383115768433e-02 -3.323232233524322510e-01 2.468497455120086670e-01 -6.274594664573669434e-01 3.680193424224853516e-01 -4.383353292942047119e-01 2.989344596862792969e-01 4.291418567299842834e-02 4.835886955261230469e-01 7.676667571067810059e-01 -4.249251484870910645e-01 -3.854334652423858643e-01 3.315799832344055176e-01
