-8.121285438537597656e-01 4.093443453311920166e-01 1.583028912544250488e+00 6.307464092969894409e-02 1.225536614656448364e-01 5.960300564765930176e-01 8.611822724342346191e-01 -6.023437976837158203e-01 7.290785908699035645e-01 -7.905711978673934937e-02 -1.032828167080879211e-01 -5.532005429267883301e-01 -4.606603980064392090e-01 5.543258413672447205e-02
-6.240229010581970215e-01 -5.158088728785514832e-02 -6.679709553718566895e-01 2.180358171463012695e-01 6.807909905910491943e-02 -1.279033541679382324e+00 -4.560998380184173584e-01 -3.900090605020523071e-02 -3.359828293323516846e-01 -6.561558246612548828e-01 8.560586571693420410e-01 8.519297242164611816e-01 -9.994336962699890137e-02 3.142572045326232910e-01
1.563795655965805054e-01 6.978648249059915543e-03 6.334795951843261719e-01 -4.003149643540382385e-02 -5.937689170241355896e-02 -1.117184236645698547e-01 -6.471357345581054688e-01 -2.204282581806182861e-01 -1.986051648855209351e-01 -1.314704716205596924e-01 4.204020202159881592e-01 -6.858585774898529053e-02 1.562998443841934204e-01 6.400465965270996094e-01
2.169427722692489624e-01 8.006434440612792969e-01 -4.728101491928100586e-01 2.095190584659576416e-01 4.506070613861083984e-01 -9.382027387619018555e-02 -5.900900363922119141e-01 7.778298854827880859e-01 -9.306079745292663574e-01 -9.043943881988525391e-01 -3.332551568746566772e-02 6.658720970153808594e-01 -3.689727978780865669e-03 1.672230064868927002e-01
-5.369693040847778320e-01 -2.160143107175827026e-01 4.115387797355651855e-01 -2.175018563866615295e-02 -1.107721775770187378e-01 -1.634657233953475952e-01 2.469741702079772949e-01 2.661902606487274170e-01 1.860623210668563843e-01 -7.744136452674865723e-02 -4.932676255702972412e-01 -1.128029301762580872e-01 3.543271422386169434e-01 4.561181664466857910e-01
-4.246577620506286621e-01 5.203984975814819336e-01 8.896942138671875000e-01 -2.348826676607131958e-01 1.347911804914474487e-01 6.606520414352416992e-01 1.066013813018798828e+00 1.541251223534345627e-02 6.418213248252868652e-02 -4.997193813323974609e-02 5.121996402740478516e-01 -5.852642655372619629e-01 1.228406727313995361e-01 -3.375940918922424316e-01
-9.730623662471771240e-02 1.082499101758003235e-01 1.489742040634155273e+00 -7.891710996627807617e-01 -3.225844204425811768e-01 4.895689785480499268e-01 1.101844668388366699e+00 1.913533508777618408e-01 8.776053190231323242e-01 2.399604767560958862e-01 2.576624751091003418e-01 6.870549172163009644e-02 -3.887891173362731934e-01 -4.262858927249908447e-01
-1.213140562176704407e-01 3.143344819545745850e-01 9.753432273864746094e-01 1.029134541749954224e-01 -4.720923602581024170e-01 5.707344412803649902e-01 9.023194313049316406e-01 -2.669125236570835114e-02 1.846890211105346680e+00 1.630931794643402100e-01 9.175275266170501709e-02 -9.768893122673034668e-01 -5.251452699303627014e-02 1.903583407402038574e-01
-8.661786317825317383e-01 4.421074986457824707e-01 -5.526256561279296875e-01 -2.201962750405073166e-03 -1.052059754729270935e-01 -1.024818539619445801e+00 -1.169281959533691406e+00 -2.382025420665740967e-01 -3.474489152431488037e-01 -5.568739175796508789e-01 6.478980928659439087e-02 6.291101574897766113e-01 1.117449998855590820e-01 -5.806508660316467285e-01
7.934005260467529297e-01 4.787999391555786133e-01 6.290742754936218262e-01 -8.045153319835662842e-02 -6.538279056549072266e-01 1.822044998407363892e-01 7.861834764480590820e-01 2.340287528932094574e-02 -1.946824342012405396e-01 -6.693128496408462524e-02 1.480270624160766602e-01 -7.129954099655151367e-01 5.558133590966463089e-03 -2.431152909994125366e-01
1.211259365081787109e+00 -9.492671489715576172e-02 -5.222029089927673340e-01 -7.518604397773742676e-01 -3.110345900058746338e-01 2.701293230056762695e-01 -5.405730009078979492e-02 4.740882664918899536e-02 -3.750892281532287598e-01 -4.213986098766326904e-01 -6.265950798988342285e-01 -2.823953628540039062e-01 1.493057906627655029e-01 -9.760897606611251831e-02
-3.144284486770629883e-01 -1.457881629467010498e-01 -1.117603573948144913e-02 -1.987477689981460571e-01 -3.779470920562744141e-01 1.107752799987792969e+00 1.972134113311767578e-01 8.582399040460586548e-02 3.988048434257507324e-01 7.736582159996032715e-01 -1.105790436267852783e-01 -7.503002882003784180e-02 -4.142980277538299561e-01 5.249474644660949707e-01
5.205258727073669434e-01 -6.791770458221435547e-01 2.403916791081428528e-02 1.655635386705398560e-01 -5.020680651068687439e-02 9.299006462097167969e-01 7.356832027435302734e-01 1.363511234521865845e-01 1.169833317399024963e-01 2.116989195346832275e-01 -1.688336879014968872e-01 -3.857346177101135254e-01 -5.847808122634887695e-01 -2.551589012145996094e-01
7.424894571304321289e-01 -4.466340541839599609e-01 5.952724218368530273e-01 -3.452382981777191162e-01 -3.193965852260589600e-01 1.174451112747192383e+00 1.359963655471801758e+00 -5.345385074615478516e-01 6.237437725067138672e-01 2.909658849239349365e-01 -3.874511644244194031e-02 -2.381249517202377319e-01 2.594636678695678711e-01 -2.213733792304992676e-01
