-1.033208727836608887e+00 1.486917287111282349e-01 -4.764544591307640076e-02 -6.947895884513854980e-01 -1.702391654253005981e-01 -1.332789778709411621e+00 -1.766301393508911133e-01 -9.682189226150512695e-01 -7.042637467384338379e-01 -3.844469189643859863e-01 -4.376686513423919678e-01 -8.969326615333557129e-01 -6.626189947128295898e-01 -1.272124648094177246e+00
3.172099292278289795e-01 1.866226196289062500e-01 1.926314979791641235e-01 8.481389880180358887e-01 -6.016956567764282227e-01 1.501637697219848633e+00 -4.718206822872161865e-01 1.575218319892883301e+00 1.149774312973022461e+00 9.562253952026367188e-02 6.082848310470581055e-01 5.084180235862731934e-01 1.602726429700851440e-01 2.617328166961669922e-01
4.830297827720642090e-01 1.682144403457641602e+00 6.588427424430847168e-01 1.303546905517578125e+00 3.820184767246246338e-01 -5.160677433013916016e-01 1.052137017250061035e+00 9.271122217178344727e-01 7.505263090133666992e-01 6.566626429557800293e-01 1.476780533790588379e+00 1.460085988044738770e+00 2.161866426467895508e+00 1.331893086433410645e+00
1.890271306037902832e-01 -3.707408905029296875e-01 -1.027166962623596191e+00 -5.835975408554077148e-01 4.975556209683418274e-02 1.837556064128875732e-01 -5.134416222572326660e-01 2.789594829082489014e-01 -1.297224044799804688e+00 6.372486352920532227e-01 -1.037262439727783203e+00 -6.450706720352172852e-01 -3.982124924659729004e-01 -3.321768343448638916e-01
5.264620184898376465e-01 -2.428808063268661499e-01 1.016322597861289978e-01 -4.951459467411041260e-01 3.546040356159210205e-01 1.269795060157775879e+00 -3.497449755668640137e-01 -5.052364468574523926e-01 2.328063845634460449e-01 -2.130233496427536011e-01 -1.898556113243103027e+00 -1.030429482460021973e+00 -3.604498207569122314e-01 -2.872665822505950928e-01
6.351165771484375000e-01 -2.640014886856079102e-01 6.659433990716934204e-02 -3.500609397888183594e-01 9.848744273185729980e-01 1.128446936607360840e+00 8.691809326410293579e-02 8.121981620788574219e-01 -2.987436950206756592e-01 -6.136122345924377441e-01 -7.158246040344238281e-01 -3.336803913116455078e-01 2.167818248271942139e-01 4.695440083742141724e-02
3.625252842903137207e-01 -6.872994899749755859e-01 8.368626236915588379e-01 3.821361660957336426e-01 -2.746241092681884766e-01 -5.625938773155212402e-01 -4.343187808990478516e-01 4.654899835586547852e-01 4.369210302829742432e-01 1.803649514913558960e-01 -2.941569983959197998e-01 -7.022499442100524902e-01 -2.958432435989379883e-01 -3.125657439231872559e-01
6.753844022750854492e-01 -6.134820580482482910e-01 3.991104066371917725e-01 1.718370676040649414e+00 -6.669510155916213989e-02 1.383384108543395996e+00 -3.509178757667541504e-01 7.968836426734924316e-01 1.121868014335632324e+00 -1.250607728958129883e+00 9.488504528999328613e-01 2.936638593673706055e-01 -2.090260386466979980e-01 3.968064785003662109e-01
-4.499484598636627197e-01 -6.284718513488769531e-01 -4.346861317753791809e-02 1.872237771749496460e-02 -7.448478341102600098e-01 -1.105338096618652344e+00 7.631929963827133179e-02 6.571735441684722900e-02 8.919344097375869751e-02 2.928107976913452148e-01 -1.259645968675613403e-01 -1.088209897279739380e-01 -8.669871687889099121e-01 4.937102645635604858e-02
-2.030829191207885742e-01 -6.624420285224914551e-01 8.672949075698852539e-01 4.029937088489532471e-01 -6.558579206466674805e-01 7.863893359899520874e-02 -2.972175478935241699e-01 -8.945810049772262573e-02 4.607497751712799072e-01 3.659107089042663574e-01 -3.858139216899871826e-01 -5.928000211715698242e-01 -8.179849386215209961e-01 -2.855654656887054443e-01
-1.330364048480987549e-01 -1.372369229793548584e-01 -3.129032850265502930e-01 1.345058828592300415e-01 -2.677318155765533447e-01 -1.060884237289428711e+00 -4.756684303283691406e-01 7.367843389511108398e-01 8.856008052825927734e-01 -1.258601695299148560e-01 -1.084406152367591858e-01 -4.006181061267852783e-01 -1.332394778728485107e-01 -1.285060122609138489e-02
-6.631507277488708496e-01 5.958779528737068176e-02 -5.252383351325988770e-01 -1.649206280708312988e-01 -1.452322125434875488e+00 -5.553801059722900391e-01 5.087276101112365723e-01 -1.061393320560455322e-01 4.413501918315887451e-01 1.597565561532974243e-01 -1.079869508743286133e+00 -7.907645106315612793e-01 -1.246767640113830566e+00 -3.910141289234161377e-01
9.849253892898559570e-01 9.997549653053283691e-02 1.245365500450134277e+00 6.588362455368041992e-01 -5.065161585807800293e-01 1.193092942237854004e+00 -4.371955990791320801e-01 5.717429518699645996e-01 1.101875782012939453e+00 1.261907815933227539e+00 -1.246006488800048828e+00 5.264500975608825684e-01 9.805090725421905518e-02 5.862053036689758301e-01
-5.186216831207275391e-01 5.364414453506469727e-01 -8.434618711471557617e-01 2.424589097499847412e-01 1.077086925506591797e+00 1.046129465103149414e+00 7.448633313179016113e-01 -6.662686467170715332e-01 -7.208570241928100586e-01 1.431923031806945801e+00 4.303842186927795410e-01 2.944714426994323730e-01 8.173955678939819336e-01 -2.864805161952972412e-01
