-1.814550459384918213e-01 -3.434123992919921875e-01 5.703864619135856628e-02 1.513755880296230316e-02 -1.036532878875732422e+00 -6.291927099227905273e-01 -3.882748782634735107e-01 -7.248473763465881348e-01 -1.939322054386138916e-01 -5.473309159278869629e-01 -1.539931446313858032e-01 -3.533738553524017334e-01 -3.007338643074035645e-01 -8.710557818412780762e-01
-2.364046573638916016e-01 4.247297346591949463e-01 -1.571118384599685669e-01 1.321712881326675415e-01 8.514365553855895996e-01 4.805939495563507080e-01 3.664496541023254395e-01 1.163215398788452148e+00 -7.017148733139038086e-01 7.772300839424133301e-01 1.237597912549972534e-01 2.048519849777221680e-01 6.239150166511535645e-01 7.736613154411315918e-01
-2.126830369234085083e-01 -2.446267306804656982e-01 -7.387717366218566895e-01 -1.289034634828567505e-01 -3.808901011943817139e-01 -2.492483854293823242e-01 5.345698818564414978e-02 -1.343186199665069580e-01 4.314312338829040527e-01 7.641589045524597168e-01 2.811030149459838867e-01 -8.432092070579528809e-01 -1.378245502710342407e-01 2.016089707612991333e-01
1.443625986576080322e-02 5.218316316604614258e-01 -5.520710945129394531e-01 1.033978462219238281e+00 -4.645576328039169312e-02 2.146717756986618042e-01 8.702886104583740234e-01 7.804466485977172852e-01 -1.361190915107727051e+00 4.490947127342224121e-01 5.282168984413146973e-01 -2.255696952342987061e-01 1.032534480094909668e+00 5.089257955551147461e-01
2.073399908840656281e-02 3.556935787200927734e-01 -4.945639073848724365e-01 -4.628345072269439697e-01 -3.419687449932098389e-01 -3.702932298183441162e-01 -3.514005839824676514e-01 3.186369538307189941e-01 -7.042697668075561523e-01 -6.286551952362060547e-01 -1.649226434528827667e-02 2.514854371547698975e-01 -2.996515333652496338e-01 -5.346211791038513184e-01
-6.828380227088928223e-01 -1.214394211769104004e+00 7.607744634151458740e-02 -3.284712433815002441e-01 -5.844063162803649902e-01 -7.306687831878662109e-01 -1.959383338689804077e-01 -2.388416230678558350e-01 1.890871524810791016e-01 1.691046357154846191e-01 -2.030719071626663208e-01 -3.845520019531250000e-01 -1.028627991676330566e+00 -5.195556879043579102e-01
-7.707634568214416504e-01 -4.852494299411773682e-01 6.178768873214721680e-01 -2.077355682849884033e-01 -1.549000620841979980e+00 -1.013323307037353516e+00 -1.054400801658630371e+00 -5.110204815864562988e-01 -2.631213963031768799e-01 2.476779967546463013e-01 -4.160328954458236694e-02 2.328836172819137573e-01 -3.587361872196197510e-01 -2.806642949581146240e-01
9.539269804954528809e-01 -8.435464501380920410e-01 7.105159759521484375e-01 -2.336945533752441406e-01 -1.202919960021972656e+00 -9.526060819625854492e-01 -1.101420521736145020e+00 -6.725707054138183594e-01 5.783631205558776855e-01 -2.669529318809509277e-01 4.045419022440910339e-02 -4.123745858669281006e-01 -1.710951089859008789e+00 -5.210701227188110352e-01
-6.302779912948608398e-01 -4.581796228885650635e-01 5.927177667617797852e-01 -3.797718286514282227e-01 -8.135694265365600586e-01 8.109363317489624023e-01 3.978531956672668457e-01 6.850296854972839355e-01 -4.097047746181488037e-01 -1.360219717025756836e-01 8.524509668350219727e-01 2.431364953517913818e-01 -7.097159028053283691e-01 -4.966314733028411865e-01
6.289241462945938110e-02 -5.492727756500244141e-01 5.988606438040733337e-02 7.453717291355133057e-02 3.885291516780853271e-01 -6.952468156814575195e-01 -9.245156496763229370e-02 -4.029548168182373047e-01 -6.677618622779846191e-01 3.800835609436035156e-01 -2.644515931606292725e-01 -2.137239463627338409e-02 -3.904459625482559204e-02 -2.057919353246688843e-01
-1.543953120708465576e-01 4.590870141983032227e-01 -9.057982563972473145e-01 8.693491816520690918e-01 6.734196543693542480e-01 -3.561619222164154053e-01 9.170310497283935547e-01 -4.826894402503967285e-02 4.350330233573913574e-01 -1.333837979473173618e-03 -2.245171368122100830e-01 1.589651405811309814e-01 1.087830662727355957e+00 6.332712769508361816e-01
6.589041352272033691e-01 -5.459568500518798828e-01 2.237383425235748291e-01 -4.476288259029388428e-01 -1.112784817814826965e-01 4.052892327308654785e-01 -4.321324527263641357e-01 -5.088591948151588440e-02 -1.316271126270294189e-01 -4.138849973678588867e-01 -1.061094701290130615e-01 1.534391343593597412e-01 1.307235509157180786e-01 -3.563132584095001221e-01
1.171758621931076050e-01 -8.971609920263290405e-02 -2.932876348495483398e-01 7.290627956390380859e-01 -1.456517875194549561e-01 -1.875913292169570923e-01 -6.355936527252197266e-01 -3.126076161861419678e-01 7.330821752548217773e-01 4.551756083965301514e-01 5.253016203641891479e-02 2.012152820825576782e-01 2.782300114631652832e-02 5.447576045989990234e-01
-3.168880045413970947e-01 2.070216983556747437e-01 2.971612513065338135e-01 5.611127614974975586e-01 8.324828743934631348e-02 -6.524691581726074219e-01 -3.054336011409759521e-01 -1.028105020523071289e+00 9.215572476387023926e-02 5.312075018882751465e-01 -9.197021126747131348e-01 -3.458768725395202637e-01 -2.698475122451782227e-01 8.641460537910461426e-02
