-3.654897809028625488e-01 -3.055511116981506348e-01 9.375794529914855957e-01
-8.778127431869506836e-01 -4.194625318050384521e-01 6.484360694885253906e-01
2.008554339408874512e-01 -5.102484226226806641e-01 6.545993089675903320e-01
-2.814630270004272461e-01 1.013242483139038086e+00 -5.239906311035156250e-01
-1.922128558158874512e+00 2.913762629032135010e-01 4.111079871654510498e-01
5.086712837219238281e-01 -2.611739039421081543e-01 2.388273626565933228e-01
6.013582944869995117e-01 -1.094662472605705261e-01 -8.217020630836486816e-01
-3.348780572414398193e-01 -1.189052909612655640e-01 1.100578784942626953e+00
5.377150774002075195e-01 -2.360389709472656250e+00 1.026366829872131348e+00
4.572177827358245850e-01 1.614589542150497437e-01 -4.368272721767425537e-01
7.952865362167358398e-01 6.601676940917968750e-01 -1.192061781883239746e+00
-1.080542683601379395e+00 3.553524613380432129e-01 5.294088125228881836e-01
1.512830972671508789e+00 -2.089762687683105469e-01 -7.013950943946838379e-01
8.028578162193298340e-01 -1.170571818947792053e-01 -2.007684558629989624e-01
