1.118575707077980042e-01 6.875121593475341797e-01 -6.481686234474182129e-01 -1.580208778381347656e+00 4.655661880970001221e-01 5.263564586639404297e-01 8.121936023235321045e-02 -3.387819603085517883e-02 3.302907645702362061e-01 5.148626565933227539e-01 -5.716431140899658203e-01 2.599978260695934296e-02 -1.588541269302368164e-01 1.211983323097229004e+00 -6.513738632202148438e-01
1.268655180931091309e+00 1.090177416801452637e+00 -6.311176419258117676e-01 8.216288685798645020e-01 1.140728950500488281e+00 3.476660326123237610e-02 -2.964634299278259277e-01 6.338547468185424805e-01 2.069550007581710815e-01 6.914558261632919312e-02 5.417211651802062988e-01 -6.232641935348510742e-01 3.696721494197845459e-01 9.704418778419494629e-01 6.123470664024353027e-01
7.183151245117187500e-01 1.814715862274169922e+00 1.212812900543212891e+00 4.261949658393859863e-01 1.073336005210876465e+00 -1.088959693908691406e+00 -1.370032191276550293e+00 -6.958024501800537109e-01 2.574809789657592773e-01 -9.219391345977783203e-01 6.310562491416931152e-01 6.883738636970520020e-01 2.523300886154174805e+00 2.447747945785522461e+00 -2.184241533279418945e+00
7.477340102195739746e-01 1.884460806846618652e+00 -1.628766655921936035e-01 -5.344524383544921875e-01 3.952720165252685547e+00 8.146792054176330566e-01 2.872117608785629272e-02 5.681731104850769043e-01 -5.434262566268444061e-03 -1.258690476417541504e+00 1.392123460769653320e+00 7.325934767723083496e-01 1.508209109306335449e+00 -8.565591573715209961e-01 -1.013355493545532227e+00
-1.554820656776428223e+00 6.602240204811096191e-01 -9.285104274749755859e-02 -1.672111630439758301e+00 -6.465708017349243164e-01 4.037476181983947754e-01 -4.998387992382049561e-01 -1.823305934667587280e-01 3.770503997802734375e-01 2.013528794050216675e-01 2.570256590843200684e-01 -1.247856616973876953e+00 -4.916657805442810059e-01 -1.832704663276672363e+00 -3.334649205207824707e-01
7.132971286773681641e-01 1.881468743085861206e-01 -7.619068771600723267e-02 2.381820529699325562e-01 8.021268993616104126e-02 -2.898875474929809570e-01 -1.287273019552230835e-01 -5.345669984817504883e-01 2.238227277994155884e-01 5.848966836929321289e-01 1.544133067131042480e+00 7.510452270507812500e-01 5.980337858200073242e-01 2.083221524953842163e-01 6.118629127740859985e-02
3.333753108978271484e+00 -2.380985260009765625e+00 1.342316389083862305e+00 3.136012315750122070e+00 1.715175986289978027e+00 1.550724953413009644e-01 -2.586372494697570801e-01 -1.986811518669128418e+00 -1.241828203201293945e+00 -6.586055755615234375e-01 3.025880813598632812e+00 3.305255651473999023e+00 1.205835342407226562e+00 1.895396709442138672e+00 3.593774735927581787e-01
-1.027024030685424805e+00 3.551586866378784180e-01 -1.057045698165893555e+00 1.634353876113891602e+00 2.893831014633178711e+00 1.554037451744079590e+00 1.846868991851806641e+00 1.608006507158279419e-01 9.391172230243682861e-02 -2.871467769145965576e-01 1.133841991424560547e+00 1.454116553068161011e-01 1.232760474085807800e-01 3.109433054924011230e-01 2.136445760726928711e+00
1.930009484291076660e+00 -3.022092580795288086e+00 -1.138219356536865234e+01 1.964191079139709473e+00 -1.198522090911865234e+00 2.709025144577026367e+00 1.406863689422607422e+00 -1.340430498123168945e+00 4.683650016784667969e+00 3.614036798477172852e+00 1.519515514373779297e+00 7.710241317749023438e+00 -5.406925678253173828e-01 -4.761507511138916016e+00 9.299679756164550781e+00
1.116996526718139648e+00 4.310407042503356934e-01 1.949717640876770020e+00 -1.742726378142833710e-02 8.251324892044067383e-01 -1.411624431610107422e+00 -8.363755345344543457e-01 9.294865727424621582e-01 -5.861854553222656250e-01 -2.120172500610351562e+00 -5.537462607026100159e-02 -5.757384002208709717e-02 2.188506603240966797e+00 -2.170466423034667969e+00 4.383617043495178223e-01
-1.564868927001953125e+00 3.868556499481201172e+00 1.589538931846618652e+00 -8.070931434631347656e-01 -5.375916361808776855e-01 -7.620532512664794922e-01 1.402067244052886963e-01 2.837838888168334961e+00 -5.342712402343750000e-01 9.252460002899169922e-01 -8.410716652870178223e-01 9.868627786636352539e-01 1.839813947677612305e+00 -2.047978162765502930e+00 2.330002784729003906e+00
