8.170734643936157227e-01 4.774907827377319336e-01 -1.024012789130210876e-01 2.506327442824840546e-02 6.534858942031860352e-01 5.322864651679992676e-01 3.592246174812316895e-01 1.742568612098693848e+00 1.035741925239562988e+00 9.174423217773437500e-01 4.250585436820983887e-01 8.224246501922607422e-01 2.197335004806518555e+00 8.423271775245666504e-01 5.082523226737976074e-01
1.017872691154479980e+00 -9.443331956863403320e-01 3.607793450355529785e-01 -3.165386319160461426e-01 8.553335666656494141e-01 3.643536567687988281e-02 8.076332211494445801e-01 1.036920547485351562e-01 4.568142071366310120e-02 2.938510291278362274e-02 -7.230034470558166504e-02 -6.049320697784423828e-01 5.945578813552856445e-01 8.636281490325927734e-01 -4.471364915370941162e-01
5.399552583694458008e-01 1.439100146293640137e+00 -2.914539575576782227e-01 4.140922725200653076e-01 2.428553402423858643e-01 -2.254690229892730713e-01 1.867003887891769409e-01 -6.650224924087524414e-01 1.611681938171386719e+00 -6.223520040512084961e-01 3.314346671104431152e-01 1.004742264747619629e+00 5.044422149658203125e-01 2.825949788093566895e-01 1.008333444595336914e+00
-7.965975403785705566e-01 -7.404114007949829102e-01 -5.235722064971923828e-01 5.330290198326110840e-01 1.149107664823532104e-01 -1.126304268836975098e+00 -1.332608699798583984e+00 6.862336397171020508e-02 2.815420553088188171e-02 -9.942812323570251465e-01 9.690204858779907227e-01 -7.515185475349426270e-01 -1.846158027648925781e+00 -2.214698940515518188e-01 -9.180768132209777832e-01
2.287960499525070190e-01 2.471191287040710449e-01 6.825392246246337891e-01 -1.854059658944606781e-02 -8.183200359344482422e-01 -4.910432696342468262e-01 1.178752422332763672e+00 1.308480799198150635e-01 8.228880912065505981e-02 -2.007521688938140869e-01 -9.846588373184204102e-01 3.319855630397796631e-01 8.522858619689941406e-01 7.980965822935104370e-02 4.834755957126617432e-01
-1.353660598397254944e-02 -1.135488867759704590e+00 -3.421915769577026367e-01 -4.699123203754425049e-01 5.266267657279968262e-01 -1.263532489538192749e-01 -2.080936670303344727e+00 2.466518133878707886e-01 6.669837236404418945e-01 -7.660210877656936646e-02 4.355312585830688477e-01 -5.647513866424560547e-01 -1.209231913089752197e-01 4.515381753444671631e-01 -8.841292858123779297e-01
-8.737821877002716064e-02 -5.671069025993347168e-01 -8.184258341789245605e-01 1.181209832429885864e-02 5.890134572982788086e-01 -1.838999390602111816e-01 -7.792129516601562500e-01 6.016093492507934570e-01 7.358655333518981934e-01 6.992828845977783203e-01 1.713901013135910034e-01 1.139034748077392578e+00 -8.092937618494033813e-02 7.108977437019348145e-02 1.247567385435104370e-01
8.159822821617126465e-01 -3.674564361572265625e-01 -2.916448116302490234e-01 -2.157474160194396973e-01 -8.396583050489425659e-02 5.149003267288208008e-01 -5.170499682426452637e-01 1.635497361421585083e-01 2.651213109493255615e-01 -8.798835426568984985e-02 -1.226613044738769531e+00 2.922579646110534668e-01 3.424378633499145508e-01 -1.430079042911529541e-01 -3.775422926992177963e-03
-1.059406518936157227e+00 1.155762374401092529e-01 -1.231053590774536133e+00 2.495193481445312500e-01 -2.427116483449935913e-01 -2.927683293819427490e-01 -4.004097580909729004e-01 8.362498134374618530e-02 -2.677516043186187744e-01 -4.091626405715942383e-01 2.334564477205276489e-01 1.140678644180297852e+00 -3.626978099346160889e-01 -8.388983607292175293e-01 4.358347952365875244e-01
4.328863024711608887e-01 5.022966861724853516e-01 8.036350011825561523e-01 -8.550317585468292236e-02 3.186151683330535889e-01 4.439569413661956787e-01 7.616689205169677734e-01 3.722367584705352783e-01 2.919016778469085693e-01 -3.757863938808441162e-01 -1.078488945960998535e+00 -1.548934578895568848e+00 -9.834767878055572510e-02 5.299421548843383789e-01 -1.596402376890182495e-01
-1.139007449150085449e+00 -2.700118124485015869e-01 4.304108768701553345e-02 1.085396647453308105e+00 -5.449582338333129883e-01 4.556815922260284424e-01 -6.920459270477294922e-01 -1.147412300109863281e+00 -1.159245967864990234e+00 -1.579003691673278809e+00 5.679276958107948303e-02 -7.889164090156555176e-01 -4.484975039958953857e-01 -7.182447314262390137e-01 -1.205093979835510254e+00
1.106469407677650452e-01 3.798252642154693604e-01 -9.122199416160583496e-01 5.437205433845520020e-01 -5.741440057754516602e-01 3.496449589729309082e-01 1.093747854232788086e+00 2.322831004858016968e-01 6.053575277328491211e-01 -1.399799883365631104e-01 -1.306311041116714478e-01 1.221053361892700195e+00 5.953918099403381348e-01 -8.062176704406738281e-01 9.911066293716430664e-01
5.549769401550292969e-01 6.333110332489013672e-01 7.316307723522186279e-02 2.719126641750335693e-01 -5.951621755957603455e-02 -7.890492081642150879e-01 -6.000835448503494263e-02 3.054282963275909424e-01 -8.558166027069091797e-01 5.777429938316345215e-01 1.105572342872619629e+00 -3.059036731719970703e-01 -1.750524342060089111e-01 1.631879657506942749e-01 -2.971200346946716309e-01
-6.922318339347839355e-01 -3.275479376316070557e-01 -6.726593375205993652e-01 -7.122069001197814941e-01 -6.227373480796813965e-01 -8.444927930831909180e-01 4.164692014455795288e-02 1.051576614379882812e+00 -9.227166175842285156e-01 -2.172954827547073364e-01 -7.249393463134765625e-01 -1.567132830619812012e+00 -8.147097229957580566e-01 -2.888569235801696777e-01 -6.616024971008300781e-01
1.416807174682617188e-01 3.346516191959381104e-01 -5.578315854072570801e-01 6.063246130943298340e-01 -8.733586668968200684e-01 -2.522933483123779297e-01 -4.712822735309600830e-01 7.028605937957763672e-01 -1.762745976448059082e-01 -7.365988194942474365e-02 1.010476827621459961e+00 1.735779196023941040e-01 -3.004058897495269775e-01 -8.088392615318298340e-01 6.613577604293823242e-01
