4.193816184997558594e-01 3.244479745626449585e-02 1.020676255226135254e+00 -5.147446393966674805e-01 -5.415907502174377441e-01 1.368660807609558105e+00 -7.440103292465209961e-01 -1.811737120151519775e-01 6.997197121381759644e-02 4.499109387397766113e-01 -1.265520691871643066e+00 -1.601366400718688965e-01 -1.172883749008178711e+00 1.179288625717163086e-01 -8.814340233802795410e-01
-4.292982518672943115e-01 -3.230777680873870850e-01 2.137176990509033203e+00 3.016591370105743408e-01 -6.917304992675781250e-01 -1.121219873428344727e+00 9.410050511360168457e-01 1.597653925418853760e-01 -1.175389051437377930e+00 -1.278724789619445801e+00 1.037609219551086426e+00 -6.631224751472473145e-01 -6.221528053283691406e-01 -1.154130578041076660e+00 1.530848145484924316e+00
2.693997621536254883e+00 3.499882698059082031e+00 -2.025471448898315430e+00 -8.950185179710388184e-01 1.459569692611694336e+00 1.785946488380432129e+00 -1.878646492958068848e+00 3.901171386241912842e-01 1.473801016807556152e+00 -1.107329130172729492e+00 3.552126586437225342e-01 5.991325378417968750e-01 2.244760990142822266e-01 7.206394672393798828e-01 -1.715726017951965332e+00
-1.038458585739135742e+00 -1.345955848693847656e+00 -4.243218898773193359e-01 -2.022072374820709229e-01 1.780591964721679688e+00 1.595521718263626099e-01 -1.608758270740509033e-01 2.670277468860149384e-02 -8.255031108856201172e-01 2.412926673889160156e+00 2.331195354461669922e+00 -6.205832958221435547e-01 1.046720862388610840e+00 4.950169920921325684e-01 9.076116681098937988e-01
4.247370362281799316e-01 1.677825808525085449e+00 4.958940029144287109e+00 -1.994881987571716309e+00 9.234110713005065918e-01 5.953662395477294922e-01 -1.770729064941406250e+00 1.436302185058593750e+00 6.293591260910034180e-01 -3.128236055374145508e+00 -2.959235571324825287e-02 5.204935073852539062e-01 -1.292497992515563965e+00 2.910610735416412354e-01 -4.194118678569793701e-01
-6.863117218017578125e-01 -2.710393965244293213e-01 -5.391206964850425720e-02 -4.680205285549163818e-01 -2.270155847072601318e-01 -1.109854340553283691e+00 -3.308166265487670898e-01 4.297781269997358322e-03 -1.574400514364242554e-01 -4.828149676322937012e-01 -2.247883826494216919e-01 3.117434382438659668e-01 1.437371730804443359e+00 -1.202194094657897949e+00 7.447152137756347656e-01
5.242656469345092773e-01 -4.397974312305450439e-01 -1.122966051101684570e+00 -1.006312012672424316e+00 -1.120977282524108887e+00 -3.635337948799133301e-01 -5.762562528252601624e-02 -1.099399924278259277e+00 -2.309600263833999634e-02 1.128304362297058105e+00 -2.093428224325180054e-01 1.291241407394409180e+00 1.056238293647766113e+00 -9.521754980087280273e-01 -3.663771152496337891e-01
2.064118385314941406e+00 5.142484903335571289e-01 -1.864134311676025391e+00 -5.627694129943847656e-01 -9.311494827270507812e-01 2.280680835247039795e-01 7.293708920478820801e-01 2.909395396709442139e-01 3.836529329419136047e-02 1.339683055877685547e+00 -6.444559097290039062e-01 2.959264218807220459e-01 6.387887001037597656e-01 9.366878867149353027e-01 -1.189392805099487305e+00
4.874148871749639511e-03 4.203727841377258301e-01 -8.996613323688507080e-02 4.035608172416687012e-01 -1.180367112159729004e+00 -5.833246111869812012e-01 -6.966727972030639648e-02 4.596241414546966553e-01 4.672490656375885010e-01 -9.565773010253906250e-01 -3.030121028423309326e-01 5.652320384979248047e-01 6.401183009147644043e-01 -6.614353656768798828e-01 -4.134222865104675293e-01
-3.733441829681396484e-01 9.908618330955505371e-01 1.570350527763366699e+00 -8.270649313926696777e-01 9.957436323165893555e-01 6.881624460220336914e-01 -5.672683715820312500e-01 7.594760656356811523e-01 1.034079313278198242e+00 -5.280303359031677246e-01 1.177713632583618164e+00 3.340129256248474121e-01 7.542997002601623535e-01 2.501454651355743408e-01 9.243917651474475861e-03
5.850476622581481934e-01 -4.676737785339355469e-01 -1.837755590677261353e-01 -2.163636922836303711e+00 1.240754008293151855e+00 9.504818320274353027e-01 -4.616906866431236267e-02 1.535186469554901123e-01 4.784589409828186035e-01 3.899301886558532715e-01 1.522319555282592773e+00 4.711190760135650635e-01 1.315227985382080078e+00 1.350039839744567871e+00 5.646331906318664551e-01
3.766264319419860840e-01 1.073732614517211914e+00 1.402181982994079590e+00 6.986294686794281006e-02 -1.834721565246582031e+00 2.557242214679718018e-01 -7.639577239751815796e-02 1.273013591766357422e+00 -2.638516724109649658e-01 -2.799228727817535400e-01 -3.703591972589492798e-02 7.320166230201721191e-01 -2.831347584724426270e-01 -6.957482695579528809e-01 4.382963106036186218e-02
-1.099776849150657654e-02 4.788766503334045410e-01 2.620723485946655273e+00 6.453127861022949219e-01 -1.119222640991210938e+00 -1.581280529499053955e-01 -4.810398817062377930e-01 7.504944503307342529e-02 -2.037005424499511719e-01 -1.761628985404968262e+00 -1.203045010566711426e+00 -1.037715792655944824e+00 -1.254190087318420410e+00 -7.733731269836425781e-01 2.755177319049835205e-01
-2.743823289871215820e+00 -1.696346402168273926e+00 1.478881537914276123e-01 1.453342080116271973e+00 -1.944076418876647949e+00 -1.485928177833557129e+00 1.603395342826843262e+00 9.422908425331115723e-01 -1.260200381278991699e+00 4.818783402442932129e-01 4.855203330516815186e-01 -2.358692288398742676e-01 4.063202440738677979e-01 -7.384223937988281250e-01 2.203490734100341797e+00
1.504820436239242554e-01 1.385309815406799316e+00 1.016605019569396973e+00 1.263471484184265137e+00 -2.136155843734741211e+00 -9.048519134521484375e-01 -1.130024045705795288e-01 7.633693814277648926e-01 1.544653624296188354e-01 -4.875748634338378906e+00 -8.580445647239685059e-01 1.401074290275573730e+00 -8.210670351982116699e-01 -1.004501342773437500e+00 -8.584603667259216309e-01
