4.877089560031890869e-01 -1.446391642093658447e-01 2.942878007888793945e+00 3.299902081489562988e-01 8.047217130661010742e-02 -6.302942633628845215e-01 5.240488648414611816e-01 -1.644567102193832397e-01 5.887628793716430664e-01 -3.721268475055694580e-01 2.963701784610748291e-01 -5.418081879615783691e-01 7.296832799911499023e-01 8.314449191093444824e-01 7.781875133514404297e-01
-3.416168987751007080e-01 -7.226708531379699707e-01 -2.030706405639648438e-02 2.377679646015167236e-01 5.020377039909362793e-01 4.573798775672912598e-01 7.824039459228515625e-01 3.317221999168395996e-01 6.081655621528625488e-01 8.309963941574096680e-01 -1.680454015731811523e-01 -1.361116021871566772e-01 -9.991850703954696655e-02 2.541991136968135834e-02 -2.506482601165771484e-02
1.239260315895080566e+00 -2.060573816299438477e+00 1.529519915580749512e+00 -4.761150777339935303e-01 -1.573006868362426758e+00 -3.557201027870178223e-01 9.211511015892028809e-01 4.386717677116394043e-01 -3.552589118480682373e-01 -1.452460408210754395e+00 7.215241193771362305e-01 5.997676253318786621e-01 1.272046804428100586e+00 7.589241862297058105e-01 1.879037141799926758e+00
-5.330012440681457520e-01 -2.771750986576080322e-01 -7.387683987617492676e-01 -2.317910641431808472e-01 4.830160737037658691e-02 -3.390913009643554688e-01 -8.840323090553283691e-01 -2.620888873934745789e-02 -3.800099492073059082e-01 1.466669142246246338e-01 4.439651668071746826e-01 7.183141112327575684e-01 4.863412305712699890e-02 -2.314400300383567810e-02 -1.949023127555847168e+00
3.240788280963897705e-01 -9.540095329284667969e-01 -1.014159768819808960e-01 -3.640252351760864258e-01 -9.991073608398437500e-01 -1.081894278526306152e+00 -1.143403530120849609e+00 -8.514464497566223145e-01 6.675465106964111328e-01 -9.359762072563171387e-03 6.601668596267700195e-01 9.244970083236694336e-01 6.698183417320251465e-01 9.953204989433288574e-01 8.674008250236511230e-01
-7.121251225471496582e-01 -6.871825456619262695e-01 -8.837800621986389160e-01 5.613621473312377930e-01 6.405955553054809570e-01 8.589769899845123291e-02 4.388813376426696777e-01 -1.710454672574996948e-01 -1.055702641606330872e-01 -3.334699943661689758e-02 1.798553913831710815e-01 -3.550880551338195801e-01 -1.459564685821533203e+00 -1.103572368621826172e+00 -9.841418266296386719e-01
-4.766356647014617920e-01 -1.486758887767791748e-01 5.712156295776367188e-01 1.011438891291618347e-01 -6.285884976387023926e-01 -7.600302696228027344e-01 -4.706387519836425781e-01 -5.617425441741943359e-01 1.064664363861083984e+00 6.352165341377258301e-01 8.421027660369873047e-01 1.955998875200748444e-02 -7.472636643797159195e-03 -6.115680336952209473e-01 -1.154105186462402344e+00
-9.139025211334228516e-01 -3.836444020271301270e-01 2.584385395050048828e+00 -1.004664897918701172e+00 -7.012001872062683105e-01 -5.043244361877441406e-01 -6.788825392723083496e-01 2.150486558675765991e-01 3.737272620201110840e-01 1.586483567953109741e-01 6.664299368858337402e-01 -2.729079425334930420e-01 1.657721161842346191e+00 7.324880361557006836e-01 -1.012535214424133301e+00
1.621707677841186523e-01 -5.254133939743041992e-01 1.085877299308776855e+00 -6.824375391006469727e-01 -1.436980724334716797e+00 -1.091485857963562012e+00 -8.190591335296630859e-01 6.693046540021896362e-02 -1.654786586761474609e+00 -7.744559049606323242e-01 -7.033611536026000977e-01 -8.759519085288047791e-03 6.907851696014404297e-01 -7.513912320137023926e-01 -1.365847349166870117e+00
6.348122358322143555e-01 5.668532252311706543e-01 1.104822009801864624e-01 7.514011859893798828e-01 4.363682270050048828e-01 8.109126240015029907e-02 -5.466456711292266846e-02 -5.213173627853393555e-01 8.970484733581542969e-01 1.032289981842041016e+00 2.976930513978004456e-02 1.108053997159004211e-01 3.895771205425262451e-01 8.394234180450439453e-01 1.658362984657287598e+00
2.105070352554321289e+00 -2.442460507154464722e-01 -6.729478240013122559e-01 7.140096426010131836e-01 -1.737236976623535156e+00 -2.694844007492065430e-01 -2.128087997436523438e+00 -9.516969919204711914e-01 1.276651918888092041e-01 1.497417569160461426e+00 2.662472426891326904e-01 8.771572709083557129e-01 4.468206167221069336e-01 6.603299379348754883e-01 3.536196649074554443e-01
-2.336781471967697144e-01 1.920759677886962891e-02 1.116616368293762207e+00 -8.282301425933837891e-01 -2.072386592626571655e-01 -1.176293492317199707e+00 -7.658359408378601074e-01 1.434896826744079590e+00 -7.653042078018188477e-01 -1.631570011377334595e-01 -4.263641834259033203e-01 -8.066820502281188965e-01 1.431834936141967773e+00 -1.292896866798400879e-01 -5.423415303230285645e-01
-8.884761333465576172e-01 1.829762458801269531e+00 1.080056786537170410e+00 -3.733802437782287598e-01 8.776870369911193848e-01 1.311219811439514160e+00 -2.976291067898273468e-02 -2.664709091186523438e-01 -6.894350051879882812e-01 -1.752320647239685059e+00 4.749754965305328369e-01 -1.022909045219421387e+00 -1.071838974952697754e+00 -2.210847437381744385e-01 1.138391852378845215e+00
-1.324492573738098145e+00 -6.855129599571228027e-01 -2.087380170822143555e+00 -6.280979514122009277e-01 1.146999955177307129e+00 -1.813405752182006836e-01 2.000701427459716797e-01 -1.327087163925170898e+00 -9.414244294166564941e-01 2.135507613420486450e-01 -1.466734528541564941e+00 -6.055498719215393066e-01 -1.845429658889770508e+00 -2.220546245574951172e+00 -5.244494080543518066e-01
-8.011363446712493896e-02 -2.254789322614669800e-01 -3.030124306678771973e-01 -3.047314584255218506e-01 -5.797160267829895020e-01 -8.431785106658935547e-01 -1.174362659454345703e+00 -4.149090647697448730e-01 -6.298839449882507324e-01 -7.988777160644531250e-01 -5.169137120246887207e-01 2.162912487983703613e-01 8.069757819175720215e-01 -8.990990519523620605e-01 -6.176254749298095703e-01
