-4.578853547573089600e-01 4.307937324047088623e-01 1.241400718688964844e+00 -6.210511177778244019e-02 -3.117740154266357422e-01 -5.229966640472412109e-01 3.464162051677703857e-01 7.789699435234069824e-01 -2.488712072372436523e-01 -5.202714726328849792e-02 2.150845378637313843e-01 -9.716388583183288574e-01 6.717060208320617676e-01 1.794176101684570312e-01 3.593086898326873779e-01
6.331650018692016602e-01 2.576439678668975830e-01 9.364820122718811035e-01 -3.028569817543029785e-01 -1.068257391452789307e-01 7.558577656745910645e-01 -2.361787706613540649e-01 -1.067331314086914062e+00 -1.604545563459396362e-01 -5.507660508155822754e-01 7.444093823432922363e-01 2.757350206375122070e-01 9.405933022499084473e-01 9.307517409324645996e-01 9.132997989654541016e-01
-1.716008782386779785e+00 3.033223152160644531e-01 -3.978175297379493713e-02 5.679829511791467667e-03 6.436973810195922852e-02 -6.586471796035766602e-01 2.454713582992553711e-01 -3.963820636272430420e-01 4.527564346790313721e-01 -7.941588759422302246e-01 -3.715744614601135254e-01 1.290529221296310425e-01 -4.078428447246551514e-01 -9.248051047325134277e-02 -1.486097812652587891e+00
8.167464733123779297e-01 -9.385924786329269409e-02 6.703468412160873413e-02 1.547231525182723999e-01 -6.644080281257629395e-01 6.316658854484558105e-01 9.795932173728942871e-01 -2.681219577789306641e-01 1.466924846172332764e-01 -9.540743231773376465e-01 -3.070030733942985535e-02 9.928568601608276367e-01 3.907654806971549988e-02 1.643416471779346466e-02 1.254221916198730469e+00
-3.671740591526031494e-01 -1.083646714687347412e-01 -3.003478050231933594e+00 7.521941661834716797e-01 6.781417131423950195e-01 -4.612775146961212158e-01 -6.585466265678405762e-01 -8.870204538106918335e-02 -3.131315484642982483e-02 1.342130661010742188e+00 -5.610542893409729004e-01 -5.022279024124145508e-01 -1.152870893478393555e+00 -4.003915786743164062e-01 2.491221576929092407e-01
3.683521747589111328e-01 1.094054102897644043e+00 1.103631705045700073e-01 8.157755136489868164e-01 4.650983512401580811e-01 1.014379501342773438e+00 7.558050155639648438e-01 6.188980340957641602e-01 -5.823140144348144531e-01 -9.805916547775268555e-01 6.871322393417358398e-01 1.449471265077590942e-01 -2.234456986188888550e-01 7.468274831771850586e-01 1.508582830429077148e-01
1.662424206733703613e-01 -2.187402360141277313e-02 8.157908916473388672e-01 2.925213873386383057e-01 -2.743839323520660400e-01 -6.029855012893676758e-01 1.033010959625244141e+00 -4.066456854343414307e-01 -9.702892899513244629e-01 -7.704055309295654297e-01 4.586770832538604736e-01 1.461192488670349121e+00 -7.491389662027359009e-02 1.537644863128662109e-01 -2.874832153320312500e-01
2.089775502681732178e-01 1.252691626548767090e+00 8.255352377891540527e-01 6.257739067077636719e-01 6.979393959045410156e-01 -4.634374976158142090e-01 -1.263037025928497314e-01 6.202661991119384766e-01 -1.841393560171127319e-01 1.014349102973937988e+00 -2.059636712074279785e-01 -3.119249641895294189e-01 7.099344730377197266e-01 -1.052187681198120117e+00 8.010604977607727051e-01
-5.183627605438232422e-01 2.522524893283843994e-01 1.983358263969421387e-01 -6.653037071228027344e-01 1.753155700862407684e-02 2.878428101539611816e-01 6.362498402595520020e-01 1.852845251560211182e-01 -8.078854680061340332e-01 4.918224215507507324e-01 -5.666266679763793945e-01 -3.296302855014801025e-01 7.006937861442565918e-01 3.720414638519287109e-02 3.882296979427337646e-01
4.735609591007232666e-01 1.181717991828918457e+00 -5.687263011932373047e-01 1.269379854202270508e+00 -4.109880700707435608e-02 3.524106442928314209e-01 -8.629630208015441895e-01 -1.014503359794616699e+00 -3.968175947666168213e-01 6.516429185867309570e-01 -7.460160851478576660e-01 3.890747427940368652e-01 -1.068605929613113403e-01 -3.485370278358459473e-01 5.153221487998962402e-01
1.455607652664184570e+00 -1.969271600246429443e-01 -4.818953275680541992e-01 3.870699405670166016e-01 2.651518285274505615e-01 6.739225983619689941e-02 -1.964133232831954956e-01 3.745475318282842636e-03 2.727741003036499023e-01 2.157351821660995483e-01 2.120907455682754517e-01 7.793878018856048584e-02 6.975337862968444824e-01 5.809774398803710938e-01 -8.371517658233642578e-01
1.717526763677597046e-01 2.544139325618743896e-01 3.757270574569702148e-01 2.804899811744689941e-01 2.689560949802398682e-01 7.624565809965133667e-02 -7.330983132123947144e-02 -8.898679614067077637e-01 -6.854206323623657227e-01 2.578556537628173828e-01 -9.538261294364929199e-01 -5.184615850448608398e-01 -3.091471791267395020e-01 -3.766845762729644775e-01 -1.508295536041259766e-01
9.390256404876708984e-01 6.074576377868652344e-01 6.436084508895874023e-01 -2.652834057807922363e-01 4.136789962649345398e-02 -1.213136315345764160e+00 -1.427299082279205322e-01 1.439375996589660645e+00 -4.406027495861053467e-02 1.966240048408508301e+00 2.528447806835174561e-01 -5.518729686737060547e-01 1.701608747243881226e-01 -1.530226320028305054e-01 1.121869206428527832e+00
3.179777562618255615e-01 -5.079876184463500977e-01 6.343877911567687988e-01 2.969916909933090210e-02 -6.090865135192871094e-01 1.230235174298286438e-01 1.334637254476547241e-01 -2.095656991004943848e-01 -6.636123359203338623e-02 9.486091136932373047e-02 -1.061543300747871399e-01 -2.454804033041000366e-01 8.423193097114562988e-01 -3.944503068923950195e-01 1.927885860204696655e-01
4.120604395866394043e-01 -6.106660962104797363e-01 -1.031282544136047363e+00 -5.348717570304870605e-01 1.595012843608856201e-01 -7.221455574035644531e-01 -1.432050466537475586e+00 -3.815276622772216797e-01 -1.710716634988784790e-01 9.630314707756042480e-01 -1.156554147601127625e-01 3.290393948554992676e-01 -6.616371870040893555e-02 -1.058233261108398438e+00 -1.140087842941284180e+00
