-2.854348719120025635e-01 2.325595468282699585e-01 -1.182745695114135742e+00
-1.263772010803222656e+00 9.008105993270874023e-01 -1.995725750923156738e+00
3.236063718795776367e+00 1.702847838401794434e+00 -8.045945763587951660e-01
-1.353278875350952148e+00 1.110857129096984863e-01 -1.358900308609008789e+00
9.331347793340682983e-02 -2.089114859700202942e-02 8.498022556304931641e-01
-2.218169450759887695e+00 -6.582326889038085938e-01 2.336890697479248047e+00
9.582625031471252441e-01 -1.204111456871032715e+00 -2.019327402114868164e+00
-7.054798603057861328e-01 -8.180567622184753418e-01 -5.011527538299560547e-01
-1.514276504516601562e+00 -8.474181890487670898e-01 -6.056229025125503540e-02
5.511655211448669434e-01 -9.807720780372619629e-01 2.866372764110565186e-01
6.844882369041442871e-01 -1.812136530876159668e+00 8.658870458602905273e-01
-2.955353021621704102e+00 -5.269450545310974121e-01 1.203375697135925293e+00
-1.867509722709655762e+00 -1.530167579650878906e+00 1.249110698699951172e+00
-3.118672609329223633e+00 -5.120385289192199707e-01 4.542732536792755127e-01
1.082504391670227051e+00 -1.511551022529602051e+00 -2.580762505531311035e-01
