-6.059688329696655273e-01 1.228057622909545898e+00 -1.090336918830871582e+00 -6.173492670059204102e-01 5.907796025276184082e-01 -1.321037113666534424e-01 5.513042211532592773e-01 3.349405527114868164e-01 -1.195054531097412109e+00 -3.049940168857574463e-01 1.090331196784973145e+00 -1.196697652339935303e-01 -2.378153651952743530e-01 -3.246912732720375061e-02 -7.876695394515991211e-01
-2.578258812427520752e-01 -4.807089865207672119e-01 2.967292815446853638e-02 -1.595020741224288940e-01 3.399862647056579590e-01 -4.582256451249122620e-02 4.749021828174591064e-01 4.872978329658508301e-01 -5.188483595848083496e-01 3.085445147007703781e-03 -1.666625440120697021e-01 -7.535657286643981934e-01 -2.390083223581314087e-01 -3.722343444824218750e-01 -4.630368947982788086e-01
-1.325514793395996094e+00 -1.152999848127365112e-01 -3.992364704608917236e-01 8.859452605247497559e-01 2.133083343505859375e-01 2.195076495409011841e-01 -1.643598228693008423e-01 3.911226987838745117e-02 1.880978703498840332e+00 -5.445886254310607910e-01 -8.613248914480209351e-02 1.266677141189575195e+00 4.759830608963966370e-02 -1.790547817945480347e-01 1.302221536636352539e+00
-1.440270617604255676e-02 2.118192464113235474e-01 1.344336628913879395e+00 -3.804960846900939941e-01 -8.340082317590713501e-02 4.806316494941711426e-01 2.226896136999130249e-01 -6.496774405241012573e-02 1.222892880439758301e+00 9.262055754661560059e-01 -4.104506596922874451e-02 4.922141134738922119e-01 3.777616918087005615e-01 -1.245996057987213135e-01 1.285731673240661621e+00
-2.741313874721527100e-01 5.668185353279113770e-01 -3.938010036945343018e-01 -4.692870080471038818e-01 -4.694961309432983398e-01 -2.822835743427276611e-01 -9.541694819927215576e-02 -1.533159427344799042e-02 -5.077281594276428223e-01 -1.278316676616668701e-01 -7.676007747650146484e-01 -2.164989560842514038e-01 2.865278720855712891e-01 4.534353315830230713e-01 -1.232146397233009338e-01
6.346829235553741455e-02 7.307209372520446777e-01 -1.929336637258529663e-01 -1.840479206293821335e-03 -8.375456929206848145e-02 -9.945104122161865234e-01 -2.128267288208007812e-01 4.678815305233001709e-01 -8.858696222305297852e-01 7.294500470161437988e-01 1.554189026355743408e-01 9.795525670051574707e-02 4.805176332592964172e-02 2.117717117071151733e-01 -9.936692118644714355e-01
-5.225568413734436035e-01 1.346302866935729980e+00 -1.784527599811553955e-01 1.656778305768966675e-01 -2.022541463375091553e-01 -7.087837457656860352e-01 -8.271648287773132324e-01 8.949065208435058594e-02 -4.776889979839324951e-01 4.156790077686309814e-01 -4.339395463466644287e-01 -4.380484521389007568e-01 4.129941165447235107e-01 -3.102998137474060059e-01 -7.562335133552551270e-01
-1.216236799955368042e-01 6.531549245119094849e-02 2.464934289455413818e-01 -1.549101918935775757e-01 -4.154429733753204346e-01 2.444821596145629883e-02 -2.996455132961273193e-01 -6.717088818550109863e-01 6.962683200836181641e-01 1.707406640052795410e-01 8.212570846080780029e-02 6.372773051261901855e-01 4.458307623863220215e-01 -2.231497317552566528e-01 -1.715466231107711792e-01
-3.697325289249420166e-01 -6.320462822914123535e-01 5.488451123237609863e-01 6.635799407958984375e-01 -5.542806982994079590e-01 6.975965946912765503e-02 5.464068651199340820e-01 2.224994599819183350e-01 -3.682864010334014893e-01 5.550409555435180664e-01 -1.410702466964721680e-01 6.883969902992248535e-01 -2.772196829319000244e-01 1.374238636344671249e-02 3.445343673229217529e-01
-2.506026029586791992e-01 1.143112704157829285e-01 -4.077802598476409912e-01 -3.643421828746795654e-01 1.667172163724899292e-01 -3.143213093280792236e-01 -1.670319139957427979e-01 -3.136136531829833984e-01 -7.839693427085876465e-01 -2.270598262548446655e-01 -2.970333993434906006e-01 7.042019963264465332e-01 1.020542383193969727e+00 2.399231791496276855e-01 -1.958863586187362671e-01
2.511037290096282959e-01 -1.486899375915527344e+00 4.546306133270263672e-01 3.732861876487731934e-01 -4.123600423336029053e-01 4.423061311244964600e-01 -2.163200229406356812e-01 9.049450606107711792e-02 5.716606974601745605e-01 5.813132524490356445e-01 -6.708214282989501953e-01 1.039434194564819336e+00 5.347215533256530762e-01 -3.329395651817321777e-01 1.799444317817687988e+00
-3.753641247749328613e-01 1.581834316253662109e+00 -8.178277015686035156e-01 9.146520495414733887e-02 -1.229726910591125488e+00 -8.502031564712524414e-01 1.135789304971694946e-01 -4.943732917308807373e-01 -3.343799710273742676e-02 -3.794113695621490479e-01 -2.184815406799316406e-01 -8.101160526275634766e-01 2.387086600065231323e-01 -8.536087274551391602e-01 -9.995639920234680176e-01
5.602777600288391113e-01 -1.222735285758972168e+00 7.172805815935134888e-02 5.384882092475891113e-01 1.310216188430786133e-01 -6.066744402050971985e-02 -1.141031458973884583e-01 -1.551562994718551636e-01 -1.285090923309326172e+00 -2.383006177842617035e-02 7.257702350616455078e-01 -5.416293144226074219e-01 -7.483559846878051758e-01 2.380908876657485962e-01 -3.275125920772552490e-01
9.817860126495361328e-01 -1.394072771072387695e+00 4.082718491554260254e-01 1.415021568536758423e-01 -2.928053438663482666e-01 -4.015145301818847656e-01 -4.155853688716888428e-01 -1.541805714368820190e-01 5.663411021232604980e-01 3.321652412414550781e-01 9.579329937696456909e-02 4.562071859836578369e-01 -2.492599785327911377e-01 -6.239280700683593750e-01 6.337299942970275879e-01
-9.913015961647033691e-01 -5.467391014099121094e-01 3.030215799808502197e-01 7.022374868392944336e-01 -3.701987564563751221e-01 1.192696318030357361e-01 4.080981314182281494e-01 1.541326344013214111e-01 4.581497311592102051e-01 2.818577885627746582e-01 -2.545422613620758057e-01 3.436781466007232666e-01 2.389270365238189697e-01 -3.796026110649108887e-01 -9.708541035652160645e-01
