-1.356935054063796997e-01 3.118942119181156158e-02 -6.168720126152038574e-01 6.927779316902160645e-01 -1.098530054092407227e+00 -8.923931121826171875e-01 2.093973755836486816e-01 -7.939018011093139648e-01 6.969996690750122070e-01 3.039179444313049316e-01 -2.077821269631385803e-02 8.973132818937301636e-02 -6.024809479713439941e-01 -6.683044433593750000e-01 1.681030273437500000e+00
7.462265491485595703e-01 -4.193840026855468750e-01 -6.334812045097351074e-01 4.153740033507347107e-02 -2.359502166509628296e-01 -4.260174334049224854e-01 7.036807537078857422e-01 3.696254491806030273e-01 1.731136292219161987e-01 2.958398759365081787e-01 -5.979689955711364746e-01 3.338564634323120117e-01 -9.087115526199340820e-01 3.037319481372833252e-01 1.159627676010131836e+00
-1.055285409092903137e-01 -4.270260632038116455e-01 5.574671030044555664e-01 -2.757161259651184082e-01 -3.500364348292350769e-02 -9.372580051422119141e-01 -1.014009118080139160e+00 -9.174931645393371582e-01 -3.999119699001312256e-01 4.289164245128631592e-01 -5.110293030738830566e-01 -9.147305786609649658e-02 2.010763287544250488e-01 -6.330838054418563843e-02 -1.138300180435180664e+00
1.056082025170326233e-01 -6.499226093292236328e-01 2.729615569114685059e-01 1.065705418586730957e+00 1.127461194992065430e+00 5.983876585960388184e-01 2.797576365992426872e-03 7.909539341926574707e-01 -5.987685918807983398e-01 -1.380119472742080688e-01 7.291210293769836426e-01 4.283123463392257690e-02 7.324751615524291992e-01 9.231701493263244629e-02 -6.595347523689270020e-01
1.523767597973346710e-02 9.931148290634155273e-01 1.314580798149108887e+00 -6.542745828628540039e-01 1.716310083866119385e-01 -1.362931847572326660e+00 2.405128479003906250e-01 -2.816729247570037842e-01 -1.208563596010208130e-01 2.744534313678741455e-01 6.690735369920730591e-02 9.453073740005493164e-01 2.376341670751571655e-01 -1.364638656377792358e-01 -4.561344683170318604e-01
-1.080699801445007324e+00 4.606194496154785156e-01 -1.059534668922424316e+00 8.976115584373474121e-01 -5.215105414390563965e-01 9.194277971982955933e-02 -3.089838027954101562e-01 1.035258173942565918e-01 -1.636784672737121582e-01 -1.119294464588165283e-01 3.967879712581634521e-01 -7.924938797950744629e-01 -7.707667350769042969e-01 9.399192035198211670e-02 6.681270003318786621e-01
-9.309815168380737305e-01 4.336753189563751221e-01 -5.494454503059387207e-01 7.643997669219970703e-01 1.123557448387145996e+00 8.260281085968017578e-01 1.321190893650054932e-01 -4.286766946315765381e-01 2.778798639774322510e-01 -1.088653206825256348e+00 1.202067732810974121e+00 7.909462451934814453e-01 2.370769381523132324e-01 -1.681579500436782837e-01 4.753891229629516602e-01
1.667984724044799805e-01 7.968605309724807739e-02 7.132980227470397949e-02 -8.884580135345458984e-01 -3.373467326164245605e-01 1.596228480339050293e-01 2.191520780324935913e-01 2.976945340633392334e-01 -5.579606890678405762e-01 3.268710374832153320e-01 -7.759361714124679565e-02 4.556298851966857910e-01 6.785233616828918457e-01 2.527530491352081299e-01 -8.869683742523193359e-01
-8.368742465972900391e-01 -4.040021598339080811e-01 4.993840456008911133e-01 -5.128275752067565918e-01 7.782970070838928223e-01 5.009680986404418945e-01 7.197043299674987793e-02 5.615650489926338196e-02 3.022198677062988281e-01 -2.006590515375137329e-01 2.080173939466476440e-01 -1.167329307645559311e-02 9.084810614585876465e-01 1.554609239101409912e-01 -5.300524830818176270e-01
-9.573250263929367065e-02 -2.447733581066131592e-01 -4.355208575725555420e-01 8.144420385360717773e-01 -8.929629921913146973e-01 1.180672168731689453e+00 8.355581164360046387e-01 -4.787979274988174438e-02 5.851710215210914612e-03 1.905527412891387939e-01 -1.363545894622802734e+00 -2.157677859067916870e-01 -7.036225199699401855e-01 4.049217700958251953e-02 5.326624959707260132e-02
-2.874391078948974609e-01 -3.349850177764892578e-01 -2.754137292504310608e-02 8.169687986373901367e-01 1.224600244313478470e-02 2.230900079011917114e-01 2.863201498985290527e-01 1.625544905662536621e+00 -4.896892011165618896e-01 1.649881601333618164e-01 2.419984489679336548e-01 -2.523595988750457764e-01 -3.388192038983106613e-03 -4.802306741476058960e-02 -1.353841066360473633e+00
3.518763780593872070e-01 2.481256425380706787e-01 1.300808638334274292e-01 -5.510435700416564941e-01 2.398433238267898560e-01 -2.224095016717910767e-01 -5.657491683959960938e-01 -4.723747968673706055e-01 6.828815937042236328e-01 7.624926418066024780e-02 1.546965956687927246e+00 1.084709763526916504e+00 7.819028198719024658e-02 -3.342181444168090820e-01 7.290970087051391602e-01
-6.299647092819213867e-01 5.128230452537536621e-01 -8.182328939437866211e-01 -3.309787511825561523e-01 1.037901267409324646e-01 -7.950211763381958008e-01 -4.613656103610992432e-01 1.173026114702224731e-01 -2.938626408576965332e-01 -3.066907227039337158e-01 -2.710350155830383301e-01 2.881563603878021240e-01 -8.637154102325439453e-02 -2.878506779670715332e-01 -1.085915490984916687e-01
1.429395526647567749e-01 -2.545437812805175781e-01 -6.979768276214599609e-01 -1.121453285217285156e+00 -7.071439027786254883e-01 9.982141256332397461e-01 3.905121386051177979e-01 1.162668108940124512e+00 3.047260046005249023e-01 -4.430269896984100342e-01 -6.230777502059936523e-01 -3.256534934043884277e-01 3.852533698081970215e-01 -1.795073747634887695e-01 1.019917607307434082e+00
-9.808766841888427734e-01 7.356035709381103516e-02 7.010890245437622070e-01 1.080686092376708984e+00 1.039660692214965820e+00 -1.761460006237030029e-01 9.345993399620056152e-02 7.349609732627868652e-01 -8.358790278434753418e-01 -7.630089521408081055e-01 -4.811611026525497437e-02 -1.387210935354232788e-01 -8.364699482917785645e-01 6.730735301971435547e-02 -4.240999817848205566e-01
