-2.428320646286010742e-01 -1.137163400650024414e+00 1.239565089344978333e-01 -6.954184919595718384e-02 3.035364905372262001e-03 3.213534653186798096e-01 1.494918391108512878e-02 -6.208353638648986816e-01 7.908169180154800415e-02 -8.473218977451324463e-02 -1.096072196960449219e-01 1.518457382917404175e-01 3.191141486167907715e-01 -1.043311357498168945e+00 -4.192698001861572266e-02
-1.088050842285156250e+00 2.017386853694915771e-01 -9.361279010772705078e-01 -7.228367030620574951e-02 4.378614127635955811e-01 -6.182076334953308105e-01 -1.881697475910186768e-01 -2.205820977687835693e-01 -6.531882286071777344e-01 -1.002048373222351074e+00 -6.189646124839782715e-01 -5.799195170402526855e-01 -7.422125935554504395e-01 -2.856517434120178223e-01 -4.212305247783660889e-01
1.004725933074951172e+00 9.578872323036193848e-01 -5.232864618301391602e-01 7.107837796211242676e-01 -1.566229939460754395e+00 -3.454240858554840088e-01 -2.698194682598114014e-01 -3.175459206104278564e-01 -9.284995198249816895e-01 -1.868690252304077148e+00 1.528684794902801514e-01 -1.182183176279067993e-01 5.980608463287353516e-01 -5.751873850822448730e-01 -5.770325660705566406e-01
-1.531101942062377930e+00 -1.412489414215087891e-01 1.314601540565490723e+00 -4.897928237915039062e-01 7.135043144226074219e-01 -1.377643585205078125e+00 6.056340932846069336e-01 -1.616664648056030273e+00 1.971618980169296265e-01 -2.047294378280639648e+00 -1.599382609128952026e-01 -2.559935748577117920e-01 -1.501722574234008789e+00 1.501531600952148438e+00 1.402660131454467773e+00
2.041250169277191162e-01 -6.959819793701171875e-01 -5.618507266044616699e-01 1.606892049312591553e-01 -7.785588502883911133e-01 1.948658227920532227e-01 -6.198869943618774414e-01 -5.505133271217346191e-01 -1.054513812065124512e+00 -9.296669960021972656e-01 -4.402779042720794678e-01 -8.271045088768005371e-01 -1.823626875877380371e+00 -5.333457589149475098e-01 2.884216904640197754e-01
-4.406726732850074768e-02 -5.948505997657775879e-01 -9.698734879493713379e-01 3.112012445926666260e-01 -1.510918736457824707e+00 6.148747205734252930e-01 -6.418731212615966797e-01 -8.656452298164367676e-01 -3.546244800090789795e-01 2.152660340070724487e-01 -3.261568546295166016e-01 -1.532689034938812256e-01 -2.048771619796752930e+00 -1.870425581932067871e+00 -2.687800526618957520e-01
-6.042298078536987305e-01 -1.430540531873703003e-01 4.191525653004646301e-02 -2.836586907505989075e-02 -1.331857323646545410e+00 -1.122194901108741760e-01 -4.179936051368713379e-01 -7.013554573059082031e-01 -8.753488659858703613e-01 3.796617984771728516e-01 -3.314703404903411865e-01 4.033572375774383545e-01 -3.612683117389678955e-01 -1.561644673347473145e+00 -1.753843545913696289e+00
-3.300665318965911865e-01 -9.174277186393737793e-01 -6.476675271987915039e-01 1.416467905044555664e+00 -7.014209032058715820e-01 6.373745203018188477e-01 -6.464806199073791504e-01 -1.776590645313262939e-01 -4.127908349037170410e-01 -8.105994015932083130e-02 3.395485877990722656e-01 4.646105766296386719e-01 -1.740137338638305664e+00 -1.983899593353271484e+00 1.282440185546875000e+00
4.147283077239990234e+00 -4.153515815734863281e+00 -8.189747810363769531e+00 -4.114457607269287109e+00 -2.915650129318237305e+00 1.182478740811347961e-01 -5.363649725914001465e-01 -1.931909203529357910e+00 5.908217430114746094e+00 5.410595893859863281e+00 -6.223693847656250000e+00 -9.198113083839416504e-01 -5.680573463439941406e+00 1.056727766990661621e-01 3.512935876846313477e+00
-5.673379898071289062e-01 1.327645659446716309e+00 -6.709795594215393066e-01 -4.196662604808807373e-01 -1.257910013198852539e+00 -1.041596055030822754e+00 -1.175933003425598145e+00 9.782471060752868652e-01 -4.800919890403747559e-01 -5.607016086578369141e-01 7.835672497749328613e-01 -1.709022372961044312e-01 3.743847608566284180e-01 -1.405837535858154297e+00 -1.092923402786254883e+00
1.804778337478637695e+00 9.204978346824645996e-01 2.838287875056266785e-02 9.693567752838134766e-01 -1.198234796524047852e+00 4.726615548133850098e-01 -1.987671613693237305e+00 -1.321588516235351562e+00 -1.420384407043457031e+00 -1.055526733398437500e+00 7.892698645591735840e-01 -3.273591995239257812e-01 2.146426439285278320e-01 -1.459284275770187378e-01 -7.510079741477966309e-01
