-5.934215188026428223e-01 -8.505054116249084473e-01 7.555606365203857422e-01 -1.248987436294555664e+00 2.299561351537704468e-01 -8.068987727165222168e-02 -5.453383922576904297e-01 -1.352117508649826050e-01 2.865787222981452942e-02 5.195072293281555176e-01 -3.185629546642303467e-01 -2.372923493385314941e-01 -1.481172591447830200e-01 6.146740913391113281e-01 -6.107169985771179199e-01
-1.544913947582244873e-01 -1.628719121217727661e-01 6.350845098495483398e-02 4.137197136878967285e-01 1.904432028532028198e-01 2.260363817214965820e+00 2.930939383804798126e-02 1.417626023292541504e+00 -6.181699037551879883e-02 -1.131046056747436523e+00 6.121754050254821777e-01 -7.821747660636901855e-01 -2.487759590148925781e-01 1.324294805526733398e+00 3.646424114704132080e-01
6.920275688171386719e-01 -4.198428988456726074e-01 9.794149994850158691e-01 -3.269237577915191650e-01 6.405627727508544922e-01 -7.124937772750854492e-01 -5.026730895042419434e-01 7.972911596298217773e-01 -1.712356060743331909e-01 -1.424092888832092285e+00 3.719688951969146729e-01 -3.742281496524810791e-01 1.164468646049499512e+00 4.316613450646400452e-02 -5.006067156791687012e-01
-5.572537183761596680e-01 -1.529491841793060303e-01 7.532588839530944824e-01 1.036821246147155762e+00 3.694523811340332031e+00 -6.873846054077148438e-01 -2.756787538528442383e-01 3.733606934547424316e-01 -2.253410816192626953e-01 -2.185394048690795898e+00 3.125533103942871094e+00 -1.259253770112991333e-01 2.587305307388305664e+00 3.104774951934814453e+00 -1.239765882492065430e+00
-1.218332529067993164e+00 -9.493166208267211914e-01 -7.181174755096435547e-01 -1.667777061462402344e+00 -1.234097242355346680e+00 2.618768811225891113e-01 -6.002103090286254883e-01 -3.571546077728271484e-01 -6.478734612464904785e-01 1.843999475240707397e-01 -2.700750231742858887e-01 -1.055347323417663574e+00 -1.067538619041442871e+00 -1.566473245620727539e+00 -1.176203489303588867e-01
6.657141447067260742e-01 -1.413414835929870605e+00 8.915380388498306274e-02 -6.857058405876159668e-02 2.084027975797653198e-01 -6.860095858573913574e-01 4.782721102237701416e-01 6.637871847487986088e-04 -1.642723530530929565e-01 1.459256857633590698e-01 7.698876261711120605e-01 1.605162769556045532e-01 2.214197814464569092e-01 -2.522281110286712646e-01 8.908598423004150391e-01
1.929601788520812988e+00 -2.550817728042602539e-01 8.601732850074768066e-01 3.206367492675781250e+00 2.047759532928466797e+00 -3.776404261589050293e-01 -5.746793746948242188e-01 -1.154848933219909668e+00 -7.621307373046875000e-01 -1.108826994895935059e+00 1.645370721817016602e+00 2.719279766082763672e+00 1.886792659759521484e+00 2.595319449901580811e-01 4.696609973907470703e-01
-1.502585053443908691e+00 -3.873154222965240479e-01 -1.156057715415954590e+00 4.546307027339935303e-01 9.915148615837097168e-01 2.006118535995483398e+00 1.198071718215942383e+00 1.078031733632087708e-01 -1.278046220541000366e-01 -1.796904057264328003e-01 -2.980873107910156250e+00 3.989208023995161057e-03 -8.685244321823120117e-01 -1.305096782743930817e-02 2.847188711166381836e+00
4.306814670562744141e+00 -4.492576122283935547e+00 -1.389726829528808594e+01 3.439846336841583252e-01 -1.039592385292053223e+00 2.607068538665771484e+00 1.147168278694152832e+00 -1.628888726234436035e+00 9.020568847656250000e+00 6.894681930541992188e+00 -1.284490466117858887e+00 8.392450332641601562e+00 -4.163670063018798828e+00 -2.170200586318969727e+00 1.166609573364257812e+01
3.078615292906761169e-03 2.314727306365966797e+00 2.337741136550903320e+00 4.547044634819030762e-01 -3.104680180549621582e-01 -2.055418729782104492e+00 -3.668028712272644043e-01 9.259082078933715820e-01 -1.297070622444152832e+00 -2.681423902511596680e+00 4.727460145950317383e-01 2.075680941343307495e-01 1.735933899879455566e+00 -8.138045668601989746e-01 -1.912240386009216309e+00
-1.129393815994262695e+00 -7.179204821586608887e-01 -1.981262266635894775e-01 1.393138468265533447e-01 6.209518313407897949e-01 5.216950178146362305e-01 -3.380084633827209473e-01 2.146135091781616211e+00 -5.599024295806884766e-01 6.584530472755432129e-01 -1.172435998916625977e+00 -5.110031366348266602e-01 1.251964211463928223e+00 -5.328735113143920898e-01 1.533766150474548340e+00
