-1.343068718910217285e+00 -1.494425535202026367e+00 -2.476972527801990509e-02 1.338008791208267212e-01 -1.301565647125244141e+00 -4.563561975955963135e-01 2.508461177349090576e-01 -1.349974751472473145e+00 -3.973071929067373276e-03 -1.137816548347473145e+00 -3.795459568500518799e-01 8.981332778930664062e-01 -1.165492534637451172e+00 -1.620412468910217285e+00 7.840338945388793945e-01
-7.086138725280761719e-01 -2.630960047245025635e-01 4.477058649063110352e-01 2.701595239341259003e-02 5.813804864883422852e-01 2.454704195261001587e-01 -2.553772926330566406e-01 5.372744202613830566e-01 3.626581728458404541e-01 -1.061273455619812012e+00 -1.059961915016174316e+00 4.642796218395233154e-01 -1.301904678344726562e+00 2.289539873600006104e-01 9.029819369316101074e-01
1.162688374519348145e+00 3.608144819736480713e-01 -1.743430793285369873e-01 -1.133760690689086914e+00 -3.798124194145202637e-02 -1.606798768043518066e+00 -1.732856512069702148e+00 -7.715184688568115234e-01 6.788647770881652832e-01 2.183590978384017944e-01 -1.315699338912963867e+00 1.321299970149993896e-01 5.326748639345169067e-02 3.433307111263275146e-01 2.424099594354629517e-01
-4.601207375526428223e-01 1.925518393516540527e+00 -2.181346714496612549e-01 7.743859887123107910e-01 1.269700407981872559e+00 1.300750613212585449e+00 1.967414282262325287e-02 1.167425036430358887e+00 2.588872313499450684e-01 4.095830023288726807e-01 2.416417002677917480e-01 9.165766835212707520e-01 1.015841960906982422e+00 1.378944158554077148e+00 -9.091387391090393066e-01
-1.666907817125320435e-01 -9.991736412048339844e-01 8.753283619880676270e-01 -8.984205126762390137e-01 7.136438488960266113e-01 -9.970076084136962891e-01 -1.164081811904907227e+00 3.505999445915222168e-01 3.571677803993225098e-01 -7.309030294418334961e-01 -2.307902425527572632e-01 7.292392253875732422e-01 -6.592166423797607422e-01 -4.656214416027069092e-01 -2.589397728443145752e-01
-9.432764649391174316e-01 -4.397629797458648682e-01 -1.565654277801513672e-01 6.732389926910400391e-01 -5.439065694808959961e-01 1.863588452339172363e+00 8.144412040710449219e-01 8.632331490516662598e-01 9.874350577592849731e-02 -3.220692574977874756e-01 -1.768421232700347900e-01 5.815015435218811035e-01 -4.017079770565032959e-01 3.764246106147766113e-01 7.499592900276184082e-01
-1.033210635185241699e+00 -1.611580133438110352e+00 -1.960875540971755981e-01 1.258954405784606934e-01 1.130835533142089844e+00 4.696078896522521973e-01 3.049811720848083496e-01 -9.935152530670166016e-01 -2.004617452621459961e-01 -5.757838487625122070e-01 1.435350179672241211e+00 3.015403449535369873e-01 5.516046285629272461e-01 6.139650344848632812e-01 6.904392242431640625e-01
1.258872032165527344e+00 -6.153070926666259766e-01 -1.613163501024246216e-01 -3.079781830310821533e-01 -6.334069967269897461e-01 3.872035443782806396e-01 6.857125163078308105e-01 -3.445500731468200684e-01 -3.074072003364562988e-01 2.722434401512145996e-01 7.773604989051818848e-01 2.466348260641098022e-01 9.727160334587097168e-01 7.319146394729614258e-01 -5.013738274574279785e-01
-3.169544786214828491e-02 6.617506146430969238e-01 -8.054888993501663208e-02 -1.975391060113906860e-01 1.926025599241256714e-01 6.465108394622802734e-01 2.958841323852539062e-01 7.454011589288711548e-02 -1.416727185249328613e+00 -6.978245824575424194e-02 1.363336324691772461e+00 4.424792230129241943e-01 1.235980033874511719e+00 6.814106702804565430e-01 -6.600865125656127930e-01
1.722564101219177246e-01 5.901614427566528320e-01 -6.104026362299919128e-02 4.182284474372863770e-01 -6.661986112594604492e-01 6.744554638862609863e-01 2.596518993377685547e-01 7.725535333156585693e-02 -3.040885031223297119e-01 -1.761485487222671509e-01 -4.612421691417694092e-01 2.910008132457733154e-01 -8.661471605300903320e-01 -8.373163342475891113e-01 -6.979064345359802246e-01
1.755298078060150146e-01 2.048060417175292969e+00 1.024510040879249573e-01 -5.365465879440307617e-01 7.881581038236618042e-02 4.521434903144836426e-01 -5.968983173370361328e-01 1.644999861717224121e+00 4.720114469528198242e-01 -3.746526241302490234e-01 5.410203337669372559e-02 -6.701071560382843018e-02 3.200330734252929688e-01 1.472733855247497559e+00 -6.795575022697448730e-01
-2.821732759475708008e-01 -1.093969583511352539e+00 -3.196299076080322266e-01 -4.719876646995544434e-01 4.142216742038726807e-01 -5.693281292915344238e-01 -3.673557639122009277e-01 -1.376143813133239746e+00 4.015158414840698242e-01 2.121801078319549561e-01 1.940995573997497559e+00 1.275188207626342773e+00 -1.028524875640869141e+00 -1.839222013950347900e-01 7.208902239799499512e-01
-7.362039089202880859e-01 8.347399234771728516e-01 2.674137353897094727e-01 9.811883568763732910e-01 6.936092972755432129e-01 -1.015137195587158203e+00 3.371702134609222412e-02 1.006112217903137207e+00 -3.191117942333221436e-01 -1.199498549103736877e-01 -1.188994720578193665e-01 -2.272430993616580963e-02 1.761068105697631836e-01 -8.955280780792236328e-01 -7.347039878368377686e-02
-2.061640620231628418e-01 1.603303194046020508e+00 -9.444571137428283691e-01 6.080062389373779297e-01 -1.035622477531433105e+00 2.075650691986083984e+00 -2.072246670722961426e-01 1.961605429649353027e+00 -1.818635463714599609e-01 1.268380284309387207e+00 -4.160857498645782471e-01 -1.071005836129188538e-01 3.085930109024047852e+00 4.007265269756317139e-01 -9.740390777587890625e-01
-6.234783306717872620e-02 1.823344975709915161e-01 6.272722035646438599e-02 -6.185403466224670410e-01 6.202553510665893555e-01 6.260353922843933105e-01 7.793805599212646484e-01 1.747119724750518799e-01 -4.868576824665069580e-01 6.689395308494567871e-01 1.440077424049377441e+00 4.091518521308898926e-01 -4.279863834381103516e-01 6.516152620315551758e-01 -4.468369483947753906e-01
