4.554909765720367432e-01 -1.218192100524902344e+00 1.055843472480773926e+00 -7.402568459510803223e-01 6.748611927032470703e-01 -3.784360289573669434e-01 3.025570213794708252e-01 2.379269003868103027e-01 1.518908262252807617e+00 -6.755076646804809570e-01 -1.179702728986740112e-01 1.384391427040100098e+00 -1.893901079893112183e-01 3.666010499000549316e-01 7.066768407821655273e-01
-3.542374074459075928e-01 5.348402261734008789e-01 4.713593721389770508e-01 2.840454876422882080e-01 -5.347711443901062012e-01 7.024509310722351074e-01 5.715306997299194336e-01 1.565399318933486938e-01 2.363670170307159424e-01 -4.187292978167533875e-02 -2.466946989297866821e-01 -6.822962760925292969e-01 -1.843189895153045654e-01 -6.432316303253173828e-01 3.769140690565109253e-02
-9.320845603942871094e-01 3.931786119937896729e-01 3.133829534053802490e-01 1.535255789756774902e+00 1.691049039363861084e-01 5.184640884399414062e-01 1.464690208435058594e+00 -7.228773236274719238e-01 -1.225205183029174805e+00 -4.166528880596160889e-01 1.184665322303771973e+00 -2.773913182318210602e-02 -2.481668472290039062e+00 2.516830861568450928e-01 -8.865371942520141602e-01
3.020950257778167725e-01 2.006605416536331177e-01 1.516150593757629395e+00 -7.653292417526245117e-01 -4.486167430877685547e-01 -6.888591647148132324e-01 -2.114921331405639648e+00 -3.226309418678283691e-01 -1.636234074831008911e-01 1.262306809425354004e+00 -7.539970278739929199e-01 6.428574919700622559e-01 3.963798582553863525e-01 5.606115981936454773e-02 1.391552686691284180e-01
-2.338652759790420532e-01 -2.546710491180419922e+00 6.962262988090515137e-01 -3.381352126598358154e-01 -6.782467961311340332e-01 -2.532220125198364258e+00 -6.306566596031188965e-01 1.198860526084899902e+00 6.203420758247375488e-01 -5.843374729156494141e-01 6.575459241867065430e-01 -6.174428462982177734e-01 6.620582342147827148e-01 1.889399439096450806e-01 1.035559654235839844e+00
-6.326729655265808105e-01 3.624087944626808167e-02 -3.035332560539245605e-01 2.350462913513183594e+00 8.740258216857910156e-02 -6.284806728363037109e-01 -9.542189240455627441e-01 -2.055496454238891602e+00 -1.883556127548217773e+00 9.782148003578186035e-01 5.068176984786987305e-01 -1.181929826736450195e+00 -1.277683496475219727e+00 2.760886251926422119e-01 -1.613922238349914551e+00
-8.337146043777465820e-01 1.415922641754150391e+00 -2.639706432819366455e-01 5.353363037109375000e+00 9.365530014038085938e-01 -9.315936267375946045e-02 -1.050028324127197266e+00 -3.804357767105102539e+00 -3.401813268661499023e+00 1.126284241676330566e+00 1.412783741950988770e+00 -1.951170444488525391e+00 -1.940668106079101562e+00 6.485759466886520386e-02 -5.422222137451171875e+00
-5.498791113495826721e-02 -5.814992785453796387e-01 -3.441067636013031006e-01 6.896525025367736816e-01 -2.920142650604248047e+00 -2.168963193893432617e+00 -2.093299150466918945e+00 2.884321659803390503e-02 2.794681787490844727e-01 -5.459790825843811035e-01 2.805947065353393555e-01 -8.244869709014892578e-01 1.357293486595153809e+00 -9.288469552993774414e-01 1.695883393287658691e+00
-4.386587142944335938e+00 -1.544700026512145996e+00 -7.839825630187988281e+00 8.854838609695434570e-01 -4.481052398681640625e+00 1.375100851058959961e+00 1.385769367218017578e+00 1.416236639022827148e+00 -1.930989980697631836e+00 -3.011419773101806641e+00 -1.472496509552001953e+00 -5.984130501747131348e-01 -2.221061706542968750e+00 8.553435325622558594e+00 -2.964891672134399414e+00
4.788222312927246094e-01 -4.893271923065185547e+00 -3.188632726669311523e-01 -2.362601608037948608e-01 4.645666480064392090e-01 -3.604582548141479492e+00 -1.851248383522033691e+00 4.542868137359619141e+00 -1.115306258201599121e+00 4.035335540771484375e+00 1.716841101646423340e+00 -9.393157958984375000e-01 -3.117819309234619141e+00 -2.577535390853881836e+00 -3.144567966461181641e+00
-2.475013256072998047e+00 1.047282934188842773e+00 -1.320989370346069336e+00 6.744749546051025391e-01 1.481050372123718262e+00 -2.382800728082656860e-01 -4.217447340488433838e-01 -4.921607673168182373e-01 -1.279318213462829590e+00 2.402513623237609863e-01 4.270938396453857422e+00 -3.153592944145202637e-01 8.134954571723937988e-01 1.495879981666803360e-02 -3.493784070014953613e-01
