-6.728740781545639038e-02 -2.321378141641616821e-01 1.294899821281433105e+00 7.690487056970596313e-02 -1.162445306777954102e+00 1.617741703987121582e+00 -8.188299536705017090e-01 -1.336500346660614014e-01 -2.094688415527343750e-01 -1.945448994636535645e+00 3.363578021526336670e-01 2.564275562763214111e-01 1.487918376922607422e+00 -1.024512767791748047e+00 9.939311146736145020e-01
-1.847020685672760010e-01 -9.558774232864379883e-01 9.431855082511901855e-01 -8.537510633468627930e-01 -2.019534111022949219e-01 -6.016589999198913574e-01 4.217063486576080322e-01 7.560071945190429688e-01 -3.380607604980468750e+00 7.784686684608459473e-01 1.596886038780212402e+00 -3.422198295593261719e-01 7.160297036170959473e-02 -3.148147106170654297e+00 3.067892193794250488e-01
-2.551178455352783203e+00 9.227758646011352539e-01 1.535464167594909668e+00 1.152175307273864746e+00 -1.053025007247924805e+00 1.220995545387268066e+00 -1.715777397155761719e+00 -2.601811885833740234e-01 3.784814834594726562e+00 -2.438489913940429688e+00 1.017760038375854492e+00 8.717553019523620605e-01 1.271064162254333496e+00 1.334581494331359863e+00 -4.096699059009552002e-01
4.258713424205780029e-01 -3.870758414268493652e-01 1.891080290079116821e-01 5.813152790069580078e-01 6.658737659454345703e-01 6.993335485458374023e-01 -2.256449162960052490e-01 1.806582450866699219e+00 -1.249135732650756836e+00 1.488564491271972656e+00 -3.320455849170684814e-01 -1.424941718578338623e-01 6.675310730934143066e-01 1.636363744735717773e+00 8.964179158210754395e-01
-1.687557250261306763e-01 -1.127268552780151367e+00 1.717891573905944824e+00 -8.771470785140991211e-01 -8.839715719223022461e-01 -1.639049053192138672e-01 9.831122308969497681e-02 -3.660427927970886230e-01 -2.216043233871459961e+00 -1.208087682723999023e+00 1.876488089561462402e+00 -2.034603655338287354e-01 1.663626194000244141e+00 -4.133718013763427734e+00 -6.898180842399597168e-01
2.024160698056221008e-03 -2.873595654964447021e-01 4.991867840290069580e-01 2.830182313919067383e-01 -5.193786621093750000e-01 2.806663990020751953e+00 1.880144238471984863e+00 -1.910250484943389893e-01 1.614416718482971191e+00 -5.192658901214599609e-01 3.806870197877287865e-03 1.595937907695770264e-01 1.300994992256164551e+00 1.081306040287017822e-01 9.064054489135742188e-01
-1.102897047996520996e+00 -1.211916327476501465e+00 -1.111045479774475098e+00 8.195368051528930664e-01 -1.892311096191406250e+00 7.497404813766479492e-01 3.340744674205780029e-01 -6.395754218101501465e-01 2.859342336654663086e+00 -2.205486148595809937e-01 -1.150166895240545273e-02 4.932775199413299561e-01 -2.070734351873397827e-01 1.467230916023254395e+00 -1.839452624320983887e+00
-4.548104405403137207e-01 1.592725329101085663e-02 8.261258602142333984e-01 9.146907925605773926e-01 2.943283021450042725e-01 -1.211841106414794922e-01 2.033485323190689087e-01 1.616018414497375488e+00 1.694969296455383301e+00 -1.021005153656005859e+00 -7.409656792879104614e-02 1.679522633552551270e+00 9.853570461273193359e-01 3.913371801376342773e+00 -2.919312715530395508e-01
-3.344933390617370605e-01 7.264174818992614746e-01 -8.624503612518310547e-01 2.176661729812622070e+00 -1.055654644966125488e+00 6.144251823425292969e-01 1.326374173164367676e+00 -2.128603756427764893e-01 3.198350429534912109e+00 -1.447107315063476562e+00 -1.739568591117858887e+00 -4.080877006053924561e-01 -1.177668809890747070e+00 6.020396947860717773e-01 -3.232421576976776123e-01
3.778018653392791748e-01 -3.799138963222503662e-01 6.733008027076721191e-01 -9.315177202224731445e-01 2.871867418289184570e-01 8.728146553039550781e-01 9.621530175209045410e-01 6.744834780693054199e-01 -1.157013893127441406e+00 -5.637279748916625977e-01 -2.616548836231231689e-01 4.545644819736480713e-01 6.091060042381286621e-01 -2.950588762760162354e-01 7.025744318962097168e-01
-3.524340987205505371e-01 -1.281043410301208496e+00 1.503878116607666016e+00 1.073537826538085938e+00 1.120963767170906067e-01 3.786155581474304199e-01 6.411180645227432251e-02 -6.755907535552978516e-01 5.350539684295654297e-01 4.950902163982391357e-01 -2.106111943721771240e-01 -5.188546180725097656e-01 -4.561366885900497437e-02 -2.168211191892623901e-01 1.158344745635986328e+00
6.648998260498046875e-01 9.008798599243164062e-01 -1.505237072706222534e-01 5.022581219673156738e-01 -1.095882534980773926e+00 3.493807315826416016e-01 1.413247942924499512e+00 4.827618896961212158e-01 2.065127849578857422e+00 -1.338983476161956787e-01 6.451269388198852539e-01 8.361839652061462402e-01 3.645721673965454102e-01 -1.386391401290893555e+00 -6.490888595581054688e-01
4.699583649635314941e-01 9.131086468696594238e-01 -7.535386085510253906e-01 -8.510344028472900391e-01 1.045141667127609253e-01 -2.898354828357696533e-01 5.333883762359619141e-01 -3.575921654701232910e-01 -3.120511293411254883e+00 -1.493200659751892090e+00 -2.016482651233673096e-01 -7.857917547225952148e-01 -2.265054434537887573e-01 -2.910177230834960938e+00 -3.667795360088348389e-01
-7.927086353302001953e-01 -2.200241088867187500e+00 -2.005354166030883789e+00 -4.576887488365173340e-01 -1.096341013908386230e+00 -5.909658223390579224e-02 -1.437900185585021973e+00 -3.609054163098335266e-02 1.381347417831420898e+00 8.490137755870819092e-02 -9.159646630287170410e-01 -2.330656766891479492e+00 -2.326418876647949219e+00 -1.376085877418518066e+00 -5.808206796646118164e-01
-5.782153010368347168e-01 4.110699892044067383e-01 -2.361418247222900391e+00 1.141991734504699707e+00 -1.701112747192382812e+00 8.755948543548583984e-01 1.276266694068908691e+00 4.399634003639221191e-01 4.203607559204101562e+00 -1.784114480018615723e+00 -3.711352825164794922e+00 6.140022873878479004e-01 -1.796649456024169922e+00 -1.189101576805114746e+00 -1.069323658943176270e+00
