-1.735732704401016235e-01 2.233630418777465820e+00 -1.666748523712158203e+00 1.105962038040161133e+00 -2.314122200012207031e+00 5.759343504905700684e-01 -4.473425447940826416e-01 1.850642561912536621e-01 1.139558926224708557e-01 -1.490862220525741577e-01 -2.559963464736938477e+00 1.817500472068786621e+00 5.616074204444885254e-01 -1.213624238967895508e+00 3.889911174774169922e-01
5.523902177810668945e-01 -5.322218313813209534e-02 -3.603442385792732239e-02 6.494663357734680176e-01 -7.420178651809692383e-01 -4.197587668895721436e-01 -1.494058407843112946e-02 8.723496794700622559e-01 -3.612461328506469727e+00 1.226006984710693359e+00 -1.355517625808715820e+00 1.944836676120758057e-01 -1.334990620613098145e+00 9.948251843452453613e-01 -1.310923695564270020e-01
-8.839517235755920410e-01 8.847234845161437988e-01 1.175946831703186035e+00 1.464847087860107422e+00 3.472103476524353027e-01 1.039407849311828613e+00 2.440538555383682251e-01 -8.109041452407836914e-01 3.674649000167846680e+00 -7.519490122795104980e-01 9.354056715965270996e-01 7.753841876983642578e-01 2.268397331237792969e+00 1.212281584739685059e+00 -9.837836623191833496e-01
1.117235064506530762e+00 4.386022984981536865e-01 -3.370106592774391174e-02 1.926681876182556152e+00 1.471579670906066895e+00 1.411504030227661133e+00 -8.885465860366821289e-01 9.205875396728515625e-01 -2.029421329498291016e+00 1.528927326202392578e+00 7.473106384277343750e-01 -7.998389005661010742e-02 2.540710210800170898e+00 2.916995763778686523e+00 1.007639318704605103e-01
-3.261733055114746094e-01 -1.314832329750061035e+00 4.560928642749786377e-01 -1.334890127182006836e+00 -2.765415430068969727e+00 5.763074755668640137e-01 -1.594220250844955444e-01 7.881156355142593384e-02 -2.259205102920532227e+00 -9.242336153984069824e-01 1.076708793640136719e+00 9.124810993671417236e-02 4.486635625362396240e-01 2.515889108180999756e-01 -1.194414734840393066e+00
4.025053977966308594e-02 -7.409763336181640625e-01 -1.409559249877929688e+00 -3.038739785552024841e-02 1.676453948020935059e+00 2.765141248703002930e+00 9.835354089736938477e-01 -4.202778339385986328e-01 1.694973707199096680e+00 4.609296619892120361e-01 -1.066362380981445312e+00 3.000961840152740479e-01 4.422879517078399658e-01 5.206404328346252441e-01 2.721726708114147186e-02
-3.104292750358581543e-01 -1.425092339515686035e+00 -2.805344343185424805e+00 1.614990949630737305e+00 1.083279967308044434e+00 2.602917194366455078e+00 1.873304724693298340e+00 -1.542218208312988281e+00 3.168782234191894531e+00 1.295358389616012573e-01 -9.291786551475524902e-01 3.339440226554870605e-01 -1.394980788230895996e+00 -7.480110973119735718e-02 8.579720556735992432e-02
1.028809398412704468e-01 -3.149996697902679443e-01 1.529896140098571777e+00 1.487791895866394043e+00 1.070530295372009277e+00 -8.940830826759338379e-02 5.658705830574035645e-01 5.938394665718078613e-01 2.271408557891845703e+00 -7.107067704200744629e-01 -1.047043129801750183e-01 2.202186822891235352e+00 1.210574030876159668e+00 -7.794286012649536133e-01 -6.791108846664428711e-02
9.061717987060546875e-02 -1.208495974540710449e+00 -4.592085778713226318e-01 -1.848137974739074707e+00 2.112025499343872070e+00 -1.355860941112041473e-02 2.415616959333419800e-01 -4.695837199687957764e-02 2.439494371414184570e+00 -7.006398439407348633e-01 5.473423004150390625e-01 -5.679645538330078125e-01 1.429761052131652832e+00 4.355841875076293945e-01 3.860867023468017578e-01
-2.560713142156600952e-02 5.619986653327941895e-01 1.337276458740234375e+00 9.535181522369384766e-01 -1.686751365661621094e+00 1.083776261657476425e-02 -9.372388720512390137e-01 6.060397028923034668e-01 -1.661104321479797363e+00 -3.725271821022033691e-01 4.287136718630790710e-02 7.450774908065795898e-01 1.918826937675476074e+00 -2.176873981952667236e-01 1.111132144927978516e+00
-1.085787296295166016e+00 -2.675108671188354492e+00 2.981518030166625977e+00 -5.487172603607177734e-01 1.142094731330871582e+00 1.076392292976379395e+00 1.871869921684265137e+00 -6.123576313257217407e-02 3.014654815196990967e-01 -8.747363686561584473e-01 2.980856418609619141e+00 -4.074197411537170410e-01 2.167415380477905273e+00 5.192795395851135254e-01 1.799365282058715820e+00
-9.220436811447143555e-01 -1.809991896152496338e-01 -3.867746829986572266e+00 -9.421784877777099609e-01 -9.090082645416259766e-01 1.335301280021667480e+00 1.532947540283203125e+00 4.594570100307464600e-01 1.443265676498413086e+00 -1.398439645767211914e+00 -6.937406063079833984e-01 7.113453149795532227e-01 -1.154856920242309570e+00 -1.106588244438171387e+00 -1.884906411170959473e+00
-7.816269993782043457e-02 1.183735251426696777e+00 -9.369164109230041504e-01 -3.657698631286621094e-01 2.546594850718975067e-02 -1.977251172065734863e+00 1.674758344888687134e-01 3.087995052337646484e-01 -2.851592779159545898e+00 5.459698438644409180e-01 -2.684529066085815430e+00 -7.015441060066223145e-01 -2.592341423034667969e+00 -2.295358031988143921e-01 2.262774407863616943e-01
9.903004169464111328e-01 -1.264089345932006836e+00 -1.119017362594604492e+00 -3.097694873809814453e+00 1.247741222381591797e+00 7.394411563873291016e-01 -3.235497772693634033e-01 2.734500467777252197e-01 1.387008070945739746e+00 -7.269645333290100098e-01 4.151771068572998047e-01 -2.363808393478393555e+00 -3.194287300109863281e+00 1.530173897743225098e+00 -4.762787520885467529e-01
-3.336097598075866699e-01 -9.894523024559020996e-01 -2.336650848388671875e+00 -1.335969924926757812e+00 2.621102333068847656e-01 1.507669091224670410e+00 3.134764671325683594e+00 -8.072787523269653320e-01 3.840970039367675781e+00 -1.944972872734069824e+00 -2.400019407272338867e+00 -1.099467650055885315e-01 -1.236747026443481445e+00 -3.755770444869995117e+00 -8.050381541252136230e-01
