-2.096088081598281860e-01 4.556066393852233887e-01 -3.693482279777526855e-01 6.223266944289207458e-02 8.372333645820617676e-01 7.924489378929138184e-01 -4.693813920021057129e-01 1.324954271316528320e+00 2.845059633255004883e-01 -9.098693132400512695e-01 3.362483978271484375e-01 -1.719105243682861328e-01 4.559366106986999512e-01 8.380290865898132324e-02 7.919683307409286499e-02
7.308328896760940552e-02 2.518479526042938232e-02 -1.641363978385925293e+00 2.480760514736175537e-01 6.745077371597290039e-01 4.991134405136108398e-01 -7.408623695373535156e-01 3.848319053649902344e-01 -7.239028066396713257e-02 1.511660218238830566e-01 1.442050695419311523e+00 -2.036908715963363647e-01 2.013887166976928711e+00 2.504936456680297852e-01 -4.485998451709747314e-01
-1.053243041038513184e+00 -1.045060977339744568e-01 -9.964268803596496582e-01 1.335440993309020996e+00 -4.548120498657226562e-01 1.314515948295593262e+00 3.433064222335815430e-01 -1.007378101348876953e+00 -2.069933898746967316e-02 9.131856560707092285e-01 -3.600192070007324219e-01 1.172730978578329086e-02 -4.020336866378784180e-01 -8.207167387008666992e-01 8.594693541526794434e-01
1.103944703936576843e-01 4.271025657653808594e-01 2.168082147836685181e-01 -1.097823619842529297e+00 -2.469564974308013916e-01 1.074149608612060547e+00 -3.656350076198577881e-01 -7.404906153678894043e-01 1.657831817865371704e-01 -5.670433044433593750e-01 5.033526420593261719e-01 -1.657725125551223755e-01 -4.100169241428375244e-01 7.717414945363998413e-02 2.916075587272644043e-01
-1.796860575675964355e+00 3.491872549057006836e-01 6.169478297233581543e-01 -3.867244422435760498e-01 -3.304980099201202393e-01 1.160574108362197876e-01 4.762735664844512939e-01 -1.239285349845886230e+00 -2.152523547410964966e-01 5.680826306343078613e-01 -1.050262093544006348e+00 -5.310644209384918213e-02 -4.090240895748138428e-01 1.194378733634948730e-01 5.081952810287475586e-01
9.208695888519287109e-01 -1.928377896547317505e-01 -1.711640059947967529e-01 -3.766582533717155457e-02 1.081377744674682617e+00 -1.120801448822021484e+00 1.099108815193176270e+00 1.515435129404067993e-01 5.710110664367675781e-01 2.606743276119232178e-01 -1.526908278465270996e-01 -1.467469692230224609e+00 5.265001058578491211e-01 -7.931362390518188477e-01 -7.356558442115783691e-01
6.372089385986328125e-01 7.650085091590881348e-01 -1.604827761650085449e+00 -2.424912303686141968e-01 -1.817039847373962402e-01 9.596216678619384766e-02 -8.882087469100952148e-01 4.448726177215576172e-01 1.641639024019241333e-01 -5.216133594512939453e-01 9.825845956802368164e-01 1.501270979642868042e-01 3.961949348449707031e-01 7.461219280958175659e-02 -6.028360724449157715e-01
4.677072465419769287e-01 -8.637403696775436401e-02 7.422786951065063477e-02 -1.042114868760108948e-01 9.414517283439636230e-01 5.415969491004943848e-01 5.342419445514678955e-02 1.738321334123611450e-01 -1.054636295884847641e-02 -6.988347768783569336e-01 -2.932151556015014648e-01 1.357746273279190063e-01 -1.924721449613571167e-01 -4.175645485520362854e-02 -5.239068865776062012e-01
-3.663272857666015625e-01 -9.085198491811752319e-02 -7.136954665184020996e-01 -2.207753509283065796e-01 7.260099053382873535e-01 4.879475384950637817e-02 4.999615252017974854e-02 1.027583122253417969e+00 -3.678206503391265869e-01 4.986571371555328369e-01 -1.476067397743463516e-02 -5.832107067108154297e-01 6.918678283691406250e-01 6.637006253004074097e-02 1.993819698691368103e-02
-1.530865766108036041e-02 1.638762354850769043e-01 1.139846444129943848e+00 -3.139214515686035156e-01 2.777607142925262451e-01 2.311661541461944580e-01 3.035850524902343750e-01 -7.771333456039428711e-01 1.875766515731811523e-01 1.493308097124099731e-01 -8.774977326393127441e-01 3.679808676242828369e-01 -5.300133824348449707e-01 4.461084306240081787e-01 -2.006953060626983643e-01
8.434895277023315430e-01 2.419566631317138672e+00 -8.939849138259887695e-01 3.763155341148376465e-01 -1.510434411466121674e-02 2.081649899482727051e-01 -7.256606221199035645e-02 1.394205689430236816e+00 1.066981106996536255e-01 -1.381940245628356934e+00 3.454408645629882812e-01 4.560189843177795410e-01 2.760012745857238770e-01 -1.330379694700241089e-01 -8.833965063095092773e-01
3.597075939178466797e-01 1.055142641067504883e+00 -3.104757070541381836e-01 2.686510682106018066e-01 1.464260816574096680e-01 7.374442815780639648e-01 2.524950504302978516e-01 9.685739278793334961e-01 4.158033728599548340e-01 -7.031936049461364746e-01 -4.211138561367988586e-02 -1.820297837257385254e-01 8.944879174232482910e-01 -3.389156237244606018e-02 -1.445299983024597168e+00
7.055075168609619141e-01 1.954792618751525879e+00 9.894495010375976562e-01 -3.341341912746429443e-01 5.342572927474975586e-01 -3.928399682044982910e-01 4.378669857978820801e-01 8.788239955902099609e-01 9.693226963281631470e-02 -1.167637228965759277e+00 -1.297961026430130005e-01 -1.804829686880111694e-01 -9.889736175537109375e-01 -3.564431369304656982e-01 -1.183133125305175781e+00
3.137930929660797119e-01 8.833341002464294434e-01 -1.927407145500183105e+00 2.322966456413269043e-01 -4.059335291385650635e-01 -7.198618650436401367e-01 2.461661547422409058e-01 1.767490059137344360e-01 3.618215620517730713e-01 -1.140388026833534241e-01 4.927437603473663330e-01 -4.037420749664306641e-01 3.856917023658752441e-01 -2.866690754890441895e-01 -5.008634328842163086e-01
9.989825487136840820e-01 1.755551576614379883e+00 -1.759222388267517090e+00 1.371300499886274338e-02 1.148298382759094238e-01 5.362499952316284180e-01 -2.215067744255065918e-01 1.691271781921386719e+00 1.266185194253921509e-01 -6.375105381011962891e-01 -1.822795271873474121e-01 9.960505366325378418e-01 1.308910608291625977e+00 3.169147372245788574e-01 -1.370765566825866699e+00
