-3.697538077831268311e-01 7.127840518951416016e-01 5.610455572605133057e-02 6.358934640884399414e-01 -4.487165808677673340e-01 3.959218263626098633e-01 -7.862066030502319336e-01 7.326722890138626099e-02 2.156940698623657227e-01 -1.360566020011901855e-01 2.654769718647003174e-01 -1.191541925072669983e-01 -9.730155766010284424e-02 1.020965695381164551e+00 -6.285330057144165039e-01
1.167604029178619385e-01 5.480550527572631836e-01 2.742640376091003418e-01 7.335287928581237793e-01 -1.638516336679458618e-01 1.240825414657592773e+00 -5.642053205519914627e-03 1.461898237466812134e-01 5.901852250099182129e-01 -1.446206588298082352e-02 -6.407423019409179688e-01 2.416413277387619019e-01 6.938074529170989990e-02 1.185199856758117676e+00 6.251958198845386505e-03
2.855805754661560059e-01 1.510556817054748535e+00 -5.666351914405822754e-01 -5.059425830841064453e-01 1.288904190063476562e+00 -4.788886010646820068e-01 -1.471398323774337769e-01 -1.101411104202270508e+00 -2.564104199409484863e-01 8.150987029075622559e-01 4.502146840095520020e-01 -1.739578604698181152e+00 -3.229376673698425293e-01 -1.451283544301986694e-01 -1.815134882926940918e-01
-1.410724828019738197e-03 -5.379702150821685791e-02 7.994012832641601562e-01 -9.974005818367004395e-02 -8.926182985305786133e-01 2.007941454648971558e-01 -9.127375483512878418e-01 -2.524719238281250000e-01 -1.878704577684402466e-01 -7.758858799934387207e-01 7.071384191513061523e-01 -3.522982299327850342e-01 2.220201790332794189e-01 -2.128028273582458496e-01 -4.375046789646148682e-01
3.579863905906677246e-01 -5.775833129882812500e-01 -5.868735164403915405e-02 -8.142464756965637207e-01 -1.424947679042816162e-01 -8.179242014884948730e-01 -4.445787966251373291e-01 -8.953433036804199219e-01 -1.434614807367324829e-01 7.121089100837707520e-01 -4.039952158927917480e-01 1.993485260754823685e-03 3.119105696678161621e-01 -4.438213407993316650e-01 8.288590908050537109e-01
3.854515254497528076e-01 9.180879592895507812e-01 -4.340057373046875000e-01 -3.383734226226806641e-01 -7.470573782920837402e-01 1.570503413677215576e-01 8.115421533584594727e-01 3.819735646247863770e-01 1.508118361234664917e-01 -7.000762820243835449e-01 1.122033596038818359e+00 -5.885815024375915527e-01 6.186144948005676270e-01 1.769559383392333984e-01 5.653180480003356934e-01
-6.826300024986267090e-01 3.151988983154296875e-01 8.855751752853393555e-01 1.558754682540893555e+00 -3.495780825614929199e-01 7.596058249473571777e-01 -1.628993272781372070e+00 -3.880929350852966309e-01 4.551679790019989014e-01 -7.822197675704956055e-01 -5.067891478538513184e-01 -2.075595259666442871e-01 -1.049475312232971191e+00 1.718758702278137207e+00 -2.021307125687599182e-02
1.150457382202148438e+00 -4.297707378864288330e-01 4.021194577217102051e-02 -4.747329056262969971e-01 1.076127171516418457e+00 -1.360781192779541016e-01 -3.698294460773468018e-01 1.068828105926513672e+00 -2.374074012041091919e-01 1.043447405099868774e-01 -6.627981662750244141e-01 -3.892229497432708740e-01 1.565498709678649902e-01 -1.312920451164245605e-01 2.072762548923492432e-01
1.638379544019699097e-01 2.224655002355575562e-01 -3.319755494594573975e-01 5.178807377815246582e-01 -2.325027436017990112e-01 -7.763220369815826416e-02 -1.378526836633682251e-01 -7.678678631782531738e-02 4.610022306442260742e-01 2.062241137027740479e-01 -2.736307978630065918e-01 -6.499324440956115723e-01 3.545666858553886414e-02 7.195685505867004395e-01 -5.991475582122802734e-01
1.829433292150497437e-01 -8.524391055107116699e-02 -7.796255946159362793e-01 -2.023868560791015625e-01 -2.381572276353836060e-01 5.487984418869018555e-01 -1.557906270027160645e-01 -3.097874522209167480e-01 7.537642121315002441e-02 -2.501495741307735443e-02 -7.838383316993713379e-01 2.354881018400192261e-01 5.162535905838012695e-01 -3.749919831752777100e-01 1.448596734553575516e-02
6.887482404708862305e-01 8.092425763607025146e-02 -3.896753787994384766e-01 6.245381236076354980e-01 1.542063802480697632e-02 4.940207004547119141e-01 2.346738129854202271e-01 2.472529709339141846e-01 8.303653001785278320e-01 -5.285160616040229797e-02 -1.048864245414733887e+00 4.820349812507629395e-01 -7.221383601427078247e-02 1.193991899490356445e+00 -2.744121104478836060e-02
-3.629359304904937744e-01 3.502070605754852295e-01 -2.099202573299407959e-01 5.989809036254882812e-01 -1.981447935104370117e-01 1.853006035089492798e-01 -1.020187020301818848e+00 1.560789942741394043e-01 1.714776009321212769e-01 -2.980339527130126953e-01 -4.203528463840484619e-01 1.231512799859046936e-01 -5.454171895980834961e-01 1.058850049972534180e+00 3.570949733257293701e-01
2.017456740140914917e-01 -7.195464968681335449e-01 -2.462039887905120850e-02 6.311179995536804199e-01 5.584732890129089355e-01 2.228288352489471436e-01 -2.765238285064697266e-01 4.799700975418090820e-01 -2.456344217061996460e-01 3.969655632972717285e-01 -2.186209261417388916e-01 2.347271144390106201e-01 1.011682748794555664e+00 -8.771483600139617920e-02 -6.605365872383117676e-01
3.025526702404022217e-01 1.358562469482421875e+00 -4.913312494754791260e-01 1.394696116447448730e+00 -1.021527051925659180e+00 5.504248142242431641e-01 -2.359150201082229614e-01 2.074706554412841797e-01 1.996329724788665771e-01 -1.404977291822433472e-01 -7.324383258819580078e-01 4.258468151092529297e-01 2.944260537624359131e-01 8.815227150917053223e-01 -5.047682523727416992e-01
5.753431916236877441e-01 -1.781462132930755615e-01 -5.247316360473632812e-01 1.174094915390014648e+00 3.902161121368408203e-01 1.958804845809936523e+00 3.783884048461914062e-01 5.919339656829833984e-01 6.190415024757385254e-01 1.334556579589843750e+00 -4.066091477870941162e-01 4.967120885848999023e-01 2.712765932083129883e-01 1.746261477470397949e+00 -5.369586944580078125e-01
