9.403144717216491699e-01 -2.815589010715484619e-01 -1.346194386482238770e+00 3.510551061481237411e-03 -5.236674100160598755e-02 1.071151494979858398e+00 9.111708998680114746e-01 3.725337684154510498e-01 4.599305689334869385e-01 2.616236917674541473e-02 1.039881706237792969e-01 -8.471817970275878906e-01 -4.741978049278259277e-01 1.656261384487152100e-01 -4.178341925144195557e-01
-8.337256312370300293e-01 -5.703462362289428711e-01 1.361036658287048340e+00 -1.981600373983383179e-01 -2.683718204498291016e-01 -9.202937781810760498e-02 1.176395177841186523e+00 -8.645095229148864746e-01 5.768408775329589844e-01 -1.171975374221801758e+00 3.336770460009574890e-02 -9.305878877639770508e-01 1.675016522407531738e+00 -5.971240401268005371e-01 1.430120319128036499e-02
1.113459989428520203e-01 9.247009158134460449e-01 1.471865773200988770e-01 -8.331134915351867676e-01 3.844995200634002686e-01 -1.134072780609130859e+00 -7.084742188453674316e-01 -4.261910319328308105e-01 3.308911621570587158e-01 1.901836320757865906e-02 1.533685922622680664e-01 1.330366730690002441e+00 -1.152774214744567871e+00 1.215111494064331055e+00 2.473793923854827881e-01
-4.897786974906921387e-01 1.114853173494338989e-01 2.923497855663299561e-01 2.625121176242828369e-01 -4.268013536930084229e-01 -1.590556651353836060e-01 8.432202339172363281e-01 -1.042321562767028809e+00 3.075081110000610352e-02 -3.916849493980407715e-01 -5.135744065046310425e-02 -1.302568674087524414e+00 -1.039683580398559570e+00 -2.607151269912719727e-01 1.524670869112014771e-01
-6.437612771987915039e-01 1.932275742292404175e-01 -1.358851075172424316e+00 -5.106841921806335449e-01 8.113449215888977051e-01 -2.059580385684967041e-01 -7.801870703697204590e-01 2.055905312299728394e-01 -5.872298404574394226e-02 -1.094396635890007019e-01 -2.425441443920135498e-01 1.728257983922958374e-01 -1.553310632705688477e+00 -1.356716752052307129e+00 1.347868144512176514e-01
2.304541915655136108e-01 -3.972522616386413574e-01 -1.063004016876220703e+00 -7.529937028884887695e-01 2.500479221343994141e-01 -7.817081212997436523e-01 -2.470225989818572998e-01 1.082900524139404297e+00 -2.751244008541107178e-01 -5.417362451553344727e-01 -4.461331665515899658e-02 -2.017831802368164062e+00 8.785623908042907715e-01 -2.108004570007324219e+00 7.971918582916259766e-01
-7.363186478614807129e-01 4.701289832592010498e-01 8.312083482742309570e-01 9.435860514640808105e-01 5.448872447013854980e-01 4.864734411239624023e-01 -7.096424698829650879e-01 -3.543711006641387939e-01 1.284504532814025879e+00 -1.407491683959960938e+00 -4.714294895529747009e-02 5.455668568611145020e-01 9.870886802673339844e-01 1.245845317840576172e+00 -2.853002212941646576e-02
3.687871992588043213e-01 1.372130870819091797e+00 3.264510333538055420e-01 1.402508139610290527e+00 -1.357104927301406860e-01 5.525614023208618164e-01 9.493758678436279297e-01 1.222869992256164551e+00 -2.414496392011642456e-01 1.334935545921325684e+00 2.346849888563156128e-01 1.188513994216918945e+00 -1.339314818382263184e+00 -2.921984493732452393e-01 -1.026251792907714844e+00
5.622892379760742188e-01 2.182704359292984009e-01 -2.745550572872161865e-01 2.521836757659912109e-01 1.351736634969711304e-01 1.957556158304214478e-01 1.623800396919250488e+00 -8.329755812883377075e-02 -1.531278491020202637e-01 6.970604658126831055e-01 1.339143067598342896e-01 -1.388491988182067871e+00 9.846109747886657715e-01 -7.228375077247619629e-01 -1.233044266700744629e-02
-8.941593170166015625e-01 -9.365036338567733765e-02 -1.886614263057708740e-01 2.937912940979003906e-01 7.261612415313720703e-01 7.348666787147521973e-01 -9.783449172973632812e-01 -2.453703433275222778e-01 -1.548269242048263550e-01 3.952885270118713379e-01 -2.763587534427642822e-01 1.070550799369812012e+00 -2.957711219787597656e-01 -2.937707602977752686e-01 -1.323270648717880249e-01
-2.449171245098114014e-01 -5.890576243400573730e-01 3.628109097480773926e-01 8.081312179565429688e-01 4.943205416202545166e-01 1.059045195579528809e+00 3.870187997817993164e-01 2.520809471607208252e-01 1.078080773353576660e+00 -2.378807663917541504e-01 -2.952281832695007324e-01 2.180397957563400269e-01 1.332339406013488770e+00 -1.244198754429817200e-01 3.876207023859024048e-02
5.514703392982482910e-01 5.551921948790550232e-02 1.233886241912841797e+00 1.582225561141967773e+00 7.374266386032104492e-01 5.225607156753540039e-01 3.825065791606903076e-01 4.806219339370727539e-01 -2.415190041065216064e-01 -2.375748604536056519e-01 -1.455380022525787354e-01 -5.718097686767578125e-01 1.081671595573425293e+00 -9.630467295646667480e-01 7.981631159782409668e-01
5.440600514411926270e-01 8.653244376182556152e-01 -4.323528409004211426e-01 1.564000487327575684e+00 -5.334165096282958984e-01 1.262911915779113770e+00 7.723987698554992676e-01 9.083351492881774902e-01 -4.561505913734436035e-01 4.507142305374145508e-01 9.494038671255111694e-02 4.512320160865783691e-01 1.294887661933898926e+00 -9.380847215652465820e-01 7.372590303421020508e-01
4.862276017665863037e-01 -3.983007967472076416e-01 -3.317487537860870361e-01 -5.733197927474975586e-01 8.719640970230102539e-01 3.652550876140594482e-01 -9.336811900138854980e-01 -1.462391465902328491e-01 1.001904487609863281e+00 -2.196141481399536133e-01 2.331144809722900391e-01 -5.373669862747192383e-01 2.256675243377685547e+00 -4.623835533857345581e-02 1.226779103279113770e+00
-1.546107530593872070e-01 1.514196515083312988e+00 4.933750033378601074e-01 5.009809732437133789e-01 1.236130833625793457e+00 1.299997687339782715e+00 -2.899352610111236572e-01 7.948938608169555664e-01 8.203815817832946777e-01 -2.878299653530120850e-01 -4.206279516220092773e-01 1.049567461013793945e+00 2.387844324111938477e+00 1.857013940811157227e+00 1.273672580718994141e+00
