-6.492522358894348145e-01 -1.817785948514938354e-01 -1.654382497072219849e-01 3.699972108006477356e-02 -1.051955580711364746e+00 -2.265532165765762329e-01 2.500955164432525635e-01 3.373220860958099365e-01 1.450130492448806763e-01 7.771583199501037598e-01 -5.411640405654907227e-01 1.610709726810455322e-01 6.094385311007499695e-02 -2.754601240158081055e-01 1.575529873371124268e-01 5.414153262972831726e-02
2.969011962413787842e-01 -5.395238995552062988e-01 -1.400108337402343750e+00 -8.441407233476638794e-02 1.739580482244491577e-01 -1.323376893997192383e-01 5.230476260185241699e-01 1.386864185333251953e-01 -5.711037516593933105e-01 -8.972549438476562500e-01 2.010074704885482788e-01 -2.827576398849487305e-01 -3.089691996574401855e-01 -8.230343461036682129e-02 5.175238251686096191e-01 -5.819627642631530762e-01
-6.416583657264709473e-01 -7.775781303644180298e-02 -8.332400321960449219e-01 8.013139367103576660e-01 4.613081514835357666e-01 9.432839155197143555e-01 1.796880736947059631e-02 -4.969314634799957275e-01 5.260997414588928223e-01 -4.935933277010917664e-02 7.402030229568481445e-01 2.966208159923553467e-01 -9.363619089126586914e-01 4.422963559627532959e-01 -7.935567200183868408e-02 1.011763885617256165e-01
-8.424723744392395020e-01 7.957201600074768066e-01 5.265939831733703613e-01 9.444629549980163574e-01 -7.874134778976440430e-01 -1.225694268941879272e-01 -3.773375451564788818e-01 9.237583726644515991e-03 1.023204922676086426e-01 1.002249956130981445e+00 1.264836192131042480e-01 -7.404959201812744141e-01 -4.019866287708282471e-01 1.998037099838256836e-01 -2.018212825059890747e-01 1.102178469300270081e-01
-9.603458642959594727e-01 1.105648756027221680e+00 -2.524660587310791016e+00 -1.548097491264343262e+00 -1.069512844085693359e+00 -7.518692016601562500e-01 -1.091997981071472168e+00 -3.096576780080795288e-02 9.297948479652404785e-01 -1.995925419032573700e-02 4.250309765338897705e-01 1.505794405937194824e+00 -2.325527220964431763e-01 2.694037258625030518e-01 1.036949157714843750e-01 5.900439023971557617e-01
2.949925512075424194e-02 4.481551647186279297e-01 4.747213423252105713e-01 -3.636828362941741943e-01 -7.694966793060302734e-01 -8.490042388439178467e-02 1.943449676036834717e-01 -3.479534685611724854e-01 -4.443282485008239746e-01 3.429130315780639648e-01 -4.422756657004356384e-02 3.585200309753417969e-01 7.882952094078063965e-01 -1.337294816970825195e+00 9.361211061477661133e-01 3.525615334510803223e-01
2.560378015041351318e-01 -7.752014398574829102e-01 8.673872351646423340e-01 3.571281731128692627e-01 -8.405588269233703613e-01 -6.439520716667175293e-01 -2.926478087902069092e-01 2.329956591129302979e-01 -2.436716109514236450e-01 -2.866970598697662354e-01 -1.714860796928405762e-01 -4.658918976783752441e-01 9.475645422935485840e-01 -1.385576486587524414e+00 5.909926891326904297e-01 4.023140668869018555e-02
-1.088660001754760742e+00 -2.591934502124786377e-01 -1.801416993141174316e+00 -8.597353696823120117e-01 -6.280308961868286133e-01 -2.491911202669143677e-01 -4.396023452281951904e-01 -3.875531852245330811e-01 -2.214324176311492920e-01 3.258292376995086670e-01 8.761745691299438477e-01 -3.600584566593170166e-01 -7.400172948837280273e-01 9.963108301162719727e-01 1.533219516277313232e-01 7.332402467727661133e-01
-3.043694794178009033e-01 1.025560259819030762e+00 2.190327197313308716e-01 3.381731212139129639e-01 -2.066062539815902710e-01 4.169546365737915039e-01 -4.636881351470947266e-01 3.624184131622314453e-01 -1.019791841506958008e+00 -3.558579385280609131e-01 -7.412523031234741211e-02 -1.619291305541992188e+00 7.595885992050170898e-01 -9.418898820877075195e-01 5.129786953330039978e-02 5.070935934782028198e-02
-2.848404049873352051e-01 1.042094349861145020e+00 -3.816449046134948730e-01 1.634712666273117065e-01 7.918771505355834961e-01 -1.949356049299240112e-01 -3.653319776058197021e-01 -1.068390905857086182e-01 5.415467023849487305e-01 2.413827553391456604e-02 1.213367938995361328e+00 3.757799863815307617e-01 -3.007336258888244629e-01 6.151147484779357910e-01 -1.879120916128158569e-01 2.866958379745483398e-01
-2.477338910102844238e-01 -1.045450210571289062e+00 -6.670615673065185547e-01 -2.436495423316955566e-01 -4.391678869724273682e-01 3.643648028373718262e-01 -2.960374578833580017e-02 3.480739295482635498e-01 7.359566539525985718e-02 4.808415174484252930e-01 -9.981743693351745605e-01 -5.110799074172973633e-01 7.296667695045471191e-01 -9.395158290863037109e-01 1.275548934936523438e-01 -1.345802843570709229e-01
-1.428447127342224121e+00 2.481806129217147827e-01 -9.432180523872375488e-01 -8.528494089841842651e-02 -3.405246138572692871e-02 1.167559325695037842e-01 -4.300656914710998535e-01 -8.463411927223205566e-01 7.844786047935485840e-01 2.429450452327728271e-01 4.489950537681579590e-01 5.448501110076904297e-01 -1.173183560371398926e+00 9.085230231285095215e-01 -1.616042554378509521e-01 1.363686621189117432e-01
-9.974584914743900299e-03 -1.190978884696960449e-01 1.064000606536865234e+00 5.549872517585754395e-01 2.642770707607269287e-01 9.972527623176574707e-02 5.469271540641784668e-01 6.029177308082580566e-01 -1.421824246644973755e-01 5.687199831008911133e-01 -5.761403441429138184e-01 4.880176484584808350e-01 9.226702153682708740e-02 -1.492724299430847168e+00 6.133690476417541504e-01 -1.272713303565979004e+00
4.503641426563262939e-01 -5.831882357597351074e-01 1.493251562118530273e+00 5.780897140502929688e-01 3.333059251308441162e-01 9.621698856353759766e-01 1.421761274337768555e+00 -1.169181913137435913e-01 -2.793049514293670654e-01 -3.426235020160675049e-01 -5.631279945373535156e-01 -1.275625228881835938e+00 -3.183671236038208008e-01 1.244717910885810852e-01 4.523346722126007080e-01 -1.523512005805969238e-01
1.686177700757980347e-01 -4.260814785957336426e-01 -2.799117803573608398e+00 -3.317075669765472412e-01 7.861540913581848145e-01 2.664312422275543213e-01 -7.649591565132141113e-01 2.673097141087055206e-02 1.966833323240280151e-01 -8.015140295028686523e-01 -1.316084414720535278e-01 5.239807963371276855e-01 -3.830901682376861572e-01 2.887614071369171143e-01 -6.956628561019897461e-01 -2.505863904953002930e-01
-5.610010027885437012e-01 6.503905653953552246e-01 -6.882514953613281250e-01 1.944525539875030518e-01 -5.862246453762054443e-02 -3.159139156341552734e-01 -7.030658125877380371e-01 6.464437842369079590e-01 6.313230991363525391e-01 -3.023839592933654785e-01 7.450526356697082520e-01 2.659572660923004150e-01 -6.312203407287597656e-01 8.342856168746948242e-01 -8.387502431869506836e-01 3.189437091350555420e-01
