-1.640132665634155273e-01 -1.900296092033386230e+00 1.298354119062423706e-01 3.691833913326263428e-01 -6.483846306800842285e-01 3.722988069057464600e-01 -5.660829544067382812e-01 -1.673707216978073120e-01 2.365030162036418915e-02 1.241681128740310669e-01 -4.550451338291168213e-01 9.562242627143859863e-01 4.442740976810455322e-01 -1.312351822853088379e+00 1.909357905387878418e-01 -1.212813928723335266e-01
-1.268257856369018555e+00 -1.665863633155822754e+00 -1.474269390106201172e+00 1.920469403266906738e-01 8.338451385498046875e-01 -9.507492184638977051e-02 8.084964752197265625e-01 2.493716329336166382e-01 2.898193299770355225e-01 1.827071607112884521e-01 -1.721104979515075684e-01 -1.061377644538879395e+00 -2.290220260620117188e+00 -1.166011914610862732e-01 -4.988761544227600098e-01 -1.153627157211303711e+00
-1.497794836759567261e-01 -2.747283875942230225e-01 -3.284786641597747803e-01 4.988847672939300537e-01 9.270900487899780273e-01 6.742897629737854004e-01 -3.385978937149047852e-01 -3.777901232242584229e-01 8.428532481193542480e-01 6.203160062432289124e-02 6.796588301658630371e-01 -8.485434651374816895e-01 -1.426638126373291016e+00 7.920677661895751953e-01 -1.488108187913894653e-01 5.507563352584838867e-01
1.075248941779136658e-01 1.115957260131835938e+00 -1.397549867630004883e+00 -1.163654685020446777e+00 -8.166452869772911072e-03 -5.322910547256469727e-01 -8.492345809936523438e-01 -1.580659031867980957e+00 6.442113518714904785e-01 1.365343332290649414e-01 6.777765750885009766e-01 -9.273112416267395020e-01 -9.045943617820739746e-02 9.344655871391296387e-01 -3.194798529148101807e-01 1.281047463417053223e-01
-2.265334129333496094e+00 7.464962005615234375e-01 -1.741107940673828125e+00 6.188768744468688965e-01 -5.072215199470520020e-01 7.518406510353088379e-01 9.198098778724670410e-01 1.372748494148254395e+00 2.065858125686645508e+00 7.289043664932250977e-01 -2.969376444816589355e-01 3.902332484722137451e-01 2.276464700698852539e-01 2.842661380767822266e+00 -3.947684168815612793e-01 -6.071837544441223145e-01
-1.259507060050964355e+00 4.460617303848266602e-01 2.785047292709350586e-01 -1.649328172206878662e-01 -9.194602966308593750e-01 6.199604272842407227e-01 3.076681122183799744e-02 1.352266222238540649e-01 -1.344083070755004883e+00 -3.070340156555175781e-01 -7.290754318237304688e-01 1.153250217437744141e+00 1.696256875991821289e+00 -1.369251161813735962e-01 6.807099580764770508e-01 -9.324799180030822754e-01
-7.398597151041030884e-02 -8.739291131496429443e-02 4.320874810218811035e-01 2.210740894079208374e-01 -4.492436647415161133e-01 -2.667765617370605469e-01 4.855158030986785889e-01 -4.892797768115997314e-01 -1.516832351684570312e+00 -8.281260132789611816e-01 -5.182378888130187988e-01 6.633853316307067871e-01 1.911400914192199707e+00 -1.030035376548767090e+00 -6.711405515670776367e-02 -6.746857166290283203e-01
-6.865001916885375977e-01 2.004837989807128906e-02 -2.164381265640258789e+00 -1.119374513626098633e+00 -2.664644122123718262e-01 1.947373598814010620e-01 6.994050741195678711e-02 -3.558320924639701843e-03 2.525550127029418945e+00 7.697132229804992676e-01 -6.133243441581726074e-01 -9.004403352737426758e-01 -1.123441219329833984e+00 2.612678527832031250e+00 1.157610118389129639e-02 7.767987251281738281e-01
-1.027163147926330566e+00 1.080697536468505859e+00 6.696762442588806152e-01 1.509510636329650879e+00 1.637448072433471680e-01 1.065774798393249512e+00 3.330593705177307129e-01 1.504362106323242188e+00 -7.036365270614624023e-01 -7.175542116165161133e-01 8.300182223320007324e-01 1.982430368661880493e-02 1.552820920944213867e+00 -8.512467741966247559e-01 9.087446331977844238e-02 -3.808525800704956055e-01
-3.619576990604400635e-01 1.881436586380004883e+00 -1.359781742095947266e+00 -8.011814355850219727e-01 7.754079103469848633e-01 -3.501293957233428955e-01 2.373480349779129028e-01 -4.102599322795867920e-01 1.455228567123413086e+00 8.689650297164916992e-01 1.389980912208557129e+00 -7.880416512489318848e-01 -1.162442862987518311e-01 1.556631565093994141e+00 -4.412367641925811768e-01 -2.119600921869277954e-01
-2.368794009089469910e-02 -1.121863484382629395e+00 -5.785561800003051758e-01 -8.384023308753967285e-01 -3.885398507118225098e-01 2.967769801616668701e-01 -9.070706367492675781e-01 -6.301135569810867310e-02 -1.098921298980712891e+00 -6.187519431114196777e-01 -5.062922462821006775e-02 4.009338021278381348e-01 1.034269571304321289e+00 -2.732807636260986328e+00 -1.400384902954101562e-01 -9.088831543922424316e-01
-9.555271267890930176e-01 1.599034070968627930e-01 -7.145633101463317871e-01 2.655144333839416504e-01 3.275347128510475159e-02 1.561667919158935547e-01 -6.752869486808776855e-01 -9.092862159013748169e-02 1.338031649589538574e+00 2.994655072689056396e-01 -1.759096384048461914e-01 5.361827015876770020e-01 -1.127601027488708496e+00 1.979910492897033691e+00 1.839586943387985229e-01 3.540617823600769043e-01
4.592009186744689941e-01 -5.688574314117431641e-01 1.418879866600036621e+00 1.043791055679321289e+00 2.668898105621337891e-01 -1.469492167234420776e-01 -1.313128769397735596e-01 9.973666071891784668e-02 -2.205583572387695312e+00 -4.911464154720306396e-01 -4.185107946395874023e-01 4.561249613761901855e-01 3.472541570663452148e-01 -1.740060329437255859e+00 4.900001287460327148e-01 -2.997609674930572510e-01
6.434994935989379883e-01 -3.002595305442810059e-01 1.207966446876525879e+00 1.221324801445007324e+00 -2.142291814088821411e-01 7.431353330612182617e-01 -3.955664932727813721e-01 6.339269131422042847e-02 -2.173475027084350586e+00 -8.937575668096542358e-02 -8.803024888038635254e-01 7.376158833503723145e-01 1.269437968730926514e-01 -1.317646265029907227e+00 2.576533257961273193e-01 -4.774878323078155518e-01
-1.334473848342895508e+00 -4.785213246941566467e-02 -3.000656366348266602e+00 7.498080730438232422e-01 6.478786468505859375e-01 8.282943964004516602e-01 -5.099653601646423340e-01 6.486262679100036621e-01 8.701757192611694336e-01 -4.227660298347473145e-01 -3.804714083671569824e-01 2.190733700990676880e-02 9.809263795614242554e-02 7.498090863227844238e-01 -6.276811957359313965e-01 -6.152896881103515625e-01
-1.813821434974670410e+00 2.892580628395080566e-01 -9.356113672256469727e-01 5.090028047561645508e-01 -1.723940372467041016e-01 6.007294058799743652e-01 7.044974565505981445e-01 6.046593785285949707e-01 2.111255645751953125e+00 7.424691915512084961e-01 1.281985402107238770e+00 -6.548982858657836914e-01 -1.194957494735717773e+00 2.892951011657714844e+00 -1.009861588478088379e+00 9.246436357498168945e-01
