-8.650192022323608398e-01 7.747705578804016113e-01 7.474212050437927246e-01 -2.259960323572158813e-01 -1.592231243848800659e-01 1.317843496799468994e-01 4.570512175559997559e-01 2.404520809650421143e-01 -4.141717404127120972e-02 6.520868837833404541e-02 1.160164117813110352e+00 -6.016818284988403320e-01 -4.610609412193298340e-01 1.525056064128875732e-01 -2.594172358512878418e-01 2.357218116521835327e-01
-1.196746468544006348e+00 -3.171400427818298340e-01 -2.076586484909057617e-01 4.911503195762634277e-01 -2.204522788524627686e-01 6.124560236930847168e-01 -5.714691877365112305e-01 7.620829343795776367e-01 3.230428993701934814e-01 -1.330650001764297485e-01 -2.769291400909423828e-01 -8.664324879646301270e-02 5.903833508491516113e-01 5.826631188392639160e-01 -1.367041468620300293e-01 7.118788361549377441e-01
-1.020816445350646973e+00 -3.743273615837097168e-01 -6.623750925064086914e-01 4.634651243686676025e-01 4.337047040462493896e-02 7.977526783943176270e-01 -3.634320497512817383e-01 -8.643937706947326660e-01 5.321269109845161438e-02 -1.233688592910766602e-01 -4.839497804641723633e-01 -1.690774410963058472e-02 -1.360153675079345703e+00 -2.038925737142562866e-01 1.360700875520706177e-01 -6.166071295738220215e-01
7.085798382759094238e-01 3.114088177680969238e-01 -2.774600386619567871e-01 -7.755765914916992188e-01 1.642884314060211182e-01 6.574802398681640625e-01 -3.450573086738586426e-01 -5.235700607299804688e-01 -5.059409141540527344e-01 3.658050596714019775e-01 2.162854820489883423e-01 -5.285590291023254395e-01 3.464916050434112549e-01 -3.851794600486755371e-01 -6.382126808166503906e-01 -7.539185285568237305e-01
-6.645154356956481934e-01 7.306382060050964355e-01 -5.450493469834327698e-02 1.418662786483764648e+00 -1.353851854801177979e-01 -2.975683808326721191e-01 -7.432277202606201172e-01 2.036031007766723633e+00 -9.427423030138015747e-02 2.373316287994384766e-01 2.974756360054016113e-01 6.882734894752502441e-01 1.458758264780044556e-01 4.031359255313873291e-01 8.533061146736145020e-01 -1.367861151695251465e+00
9.508326649665832520e-01 6.420954465866088867e-01 1.628385335206985474e-01 -2.580870315432548523e-02 -3.225080966949462891e-01 -1.172397851943969727e+00 -2.004325687885284424e-01 -3.808028995990753174e-01 2.551904916763305664e-01 -4.480156302452087402e-01 3.161164224147796631e-01 3.207797110080718994e-01 2.888320386409759521e-01 2.417367249727249146e-01 3.104292750358581543e-01 2.528463304042816162e-01
9.315400123596191406e-01 -3.356279805302619934e-02 -1.967100352048873901e-01 -1.091864183545112610e-01 1.078057959675788879e-01 1.986269205808639526e-01 9.196675419807434082e-01 -3.048234283924102783e-01 -1.831867694854736328e-01 -2.852825224399566650e-01 2.086120098829269409e-01 -4.837399721145629883e-01 2.462231963872909546e-01 -3.766694366931915283e-01 2.821721434593200684e-01 -2.650789022445678711e-01
-6.578493714332580566e-01 4.565760493278503418e-01 -1.842393875122070312e-01 4.797026515007019043e-01 1.927293539047241211e-01 3.196374177932739258e-01 -6.814805865287780762e-01 1.637759089469909668e+00 -3.591894209384918213e-01 4.959769546985626221e-01 -6.511616706848144531e-01 -6.264449357986450195e-01 -3.416326642036437988e-01 -2.535800635814666748e-01 1.736495047807693481e-01 2.325616925954818726e-01
7.012749314308166504e-01 5.017128586769104004e-01 2.587391436100006104e-01 3.827041983604431152e-01 -4.561850726604461670e-01 -2.840662598609924316e-01 1.702385395765304565e-01 3.162205591797828674e-02 -3.009374141693115234e-01 1.204737499356269836e-01 -4.666583240032196045e-01 1.115552484989166260e-01 -5.936506986618041992e-01 -2.587460875511169434e-01 2.876027300953865051e-02 -5.595076084136962891e-01
3.403883874416351318e-01 9.171234071254730225e-02 1.755742132663726807e-01 -4.206253290176391602e-01 -9.411186724901199341e-02 1.980244368314743042e-01 -2.395954579114913940e-01 9.544813632965087891e-02 -1.336119472980499268e-01 -6.472215652465820312e-01 -1.067862153053283691e+00 -3.650951683521270752e-01 5.369591712951660156e-01 3.177137076854705811e-01 4.798576533794403076e-01 -7.093548774719238281e-01
-3.335438370704650879e-01 2.436787933111190796e-01 2.245806008577346802e-01 -6.118351817131042480e-01 -1.250947359949350357e-02 1.058315411210060120e-01 9.985775947570800781e-01 3.100103437900543213e-01 5.646752715110778809e-01 4.601172208786010742e-01 3.483601808547973633e-01 -5.539590120315551758e-01 2.488153129816055298e-01 1.426748186349868774e-01 2.376249879598617554e-01 2.191203683614730835e-01
-6.154266595840454102e-01 1.547502279281616211e-01 -1.653825491666793823e-01 4.036260843276977539e-01 -1.464199572801589966e-01 -1.111667156219482422e+00 4.353440403938293457e-01 3.142675459384918213e-01 6.815437972545623779e-02 -7.000535726547241211e-02 -2.699651420116424561e-01 -2.215978503227233887e-01 1.010952815413475037e-01 -8.682101219892501831e-02 -3.614918291568756104e-01 -4.026221632957458496e-01
6.953948140144348145e-01 -2.657777369022369385e-01 1.336371898651123047e-01 -1.638626307249069214e-01 1.371781229972839355e-01 -5.132962465286254883e-01 1.021237611770629883e+00 -4.459660649299621582e-01 -1.441766470670700073e-01 3.075193166732788086e-01 2.752262353897094727e-01 2.874762937426567078e-02 -1.032663583755493164e+00 1.890982501208782196e-02 2.084994316101074219e-01 9.925274252891540527e-01
1.888280957937240601e-01 -3.776793777942657471e-01 -1.971118152141571045e-01 5.431841015815734863e-01 -3.872167468070983887e-01 -2.796269357204437256e-01 4.334100782871246338e-01 -6.883983016014099121e-01 1.938238739967346191e-01 -1.747642643749713898e-02 1.365755438804626465e+00 -6.864171028137207031e-01 3.145814836025238037e-01 -6.057879328727722168e-01 -1.078469795174896717e-03 6.464346051216125488e-01
-7.711839675903320312e-01 -1.827058196067810059e-01 9.507980942726135254e-01 7.185176014900207520e-01 -2.379637807607650757e-01 2.956340909004211426e-01 -1.640735119581222534e-01 1.371439218521118164e+00 1.437909007072448730e-01 -3.689363598823547363e-01 3.305643200874328613e-01 4.102421104907989502e-01 -6.068790331482887268e-02 6.364691853523254395e-01 -3.890511393547058105e-01 -4.142309129238128662e-01
-9.019223451614379883e-01 1.021978408098220825e-01 -1.996992975473403931e-01 1.388370752334594727e+00 2.141210883855819702e-01 6.902827024459838867e-01 -9.979754686355590820e-01 1.743203878402709961e+00 -5.301143527030944824e-01 -8.612930774688720703e-02 -8.733252286911010742e-01 -1.308640837669372559e-01 -5.131918787956237793e-01 -2.679316792637109756e-03 4.526985585689544678e-01 -1.261238932609558105e+00
