-8.571684360504150391e-02 -5.071408152580261230e-01 -1.177538409829139709e-01 -1.067929744720458984e+00 4.099830090999603271e-01 8.122236281633377075e-02 -7.763037085533142090e-01 -7.029680609703063965e-01 1.265397548675537109e+00 -1.200381994247436523e+00 -2.905057966709136963e-01 5.963410735130310059e-01 4.326479434967041016e-01 5.486881136894226074e-01 1.838917285203933716e-01 -1.308122128248214722e-01
-5.506634116172790527e-01 -4.407166317105293274e-02 7.117602229118347168e-01 2.699761092662811279e-01 4.233125969767570496e-02 -3.283532261848449707e-01 -3.736992478370666504e-01 -6.797723770141601562e-01 2.321430444717407227e+00 5.535445809364318848e-01 2.571219801902770996e-01 6.922977566719055176e-01 1.721686571836471558e-01 4.220674037933349609e-01 -2.421777397394180298e-01 4.712494909763336182e-01
-8.683044314384460449e-01 -9.669522047042846680e-01 -5.623800754547119141e-01 -5.716094970703125000e-01 1.514050364494323730e+00 6.817170977592468262e-01 1.504551321268081665e-01 -6.772360205650329590e-01 -1.725963950157165527e-01 -2.282732486724853516e+00 1.298356771469116211e+00 -1.077708527445793152e-01 -1.739120036363601685e-01 1.066387772560119629e+00 -1.499348998069763184e+00 1.200559139251708984e+00
5.591383576393127441e-01 1.581917524337768555e+00 1.415208697319030762e+00 -5.713029503822326660e-01 5.371881127357482910e-01 -4.103546440601348877e-01 1.753584742546081543e+00 -1.831467628479003906e+00 1.708654761314392090e+00 1.386134505271911621e+00 -1.447172045707702637e+00 2.039718389511108398e+00 -2.879909574985504150e-01 4.968714237213134766e+00 5.359183549880981445e-01 2.610394731163978577e-03
-2.205052226781845093e-01 1.178012937307357788e-01 1.237539052963256836e-01 -1.045747876167297363e+00 -2.237097978591918945e+00 -8.939909338951110840e-01 -1.503998517990112305e+00 -5.381237864494323730e-01 1.358224153518676758e-01 3.796413242816925049e-01 1.770527601242065430e+00 -8.449654281139373779e-02 -3.224334716796875000e-01 -6.877309083938598633e-01 4.079357683658599854e-01 -2.051309108734130859e+00
3.081981837749481201e-01 -5.576614737510681152e-01 -1.177631258964538574e+00 -8.320139050483703613e-01 -4.581462591886520386e-02 -1.299891352653503418e+00 -2.006815373897552490e-01 4.602502584457397461e-01 6.995174884796142578e-01 1.122136473655700684e+00 7.100121378898620605e-01 3.928719162940979004e-01 -8.004019856452941895e-01 2.301561087369918823e-02 9.144561886787414551e-01 -6.117495521903038025e-02
1.176249265670776367e+00 9.906808733940124512e-01 -3.787368535995483398e-01 1.708206087350845337e-01 1.156260728836059570e+00 -2.733731269836425781e-01 2.072231292724609375e+00 2.457897424697875977e+00 5.700145289301872253e-02 1.244780540466308594e+00 2.385100126266479492e-01 2.848796844482421875e+00 9.518579840660095215e-01 6.893264055252075195e-01 3.077302217483520508e+00 -1.286843717098236084e-01
1.200673818588256836e+00 1.161333680152893066e+00 -3.873523473739624023e-01 1.084935903549194336e+00 7.822726964950561523e-01 -9.757835865020751953e-01 -1.441983222961425781e+00 -7.547497749328613281e-01 -9.161568880081176758e-01 7.841009497642517090e-01 1.344335436820983887e+00 -1.044871211051940918e+00 -1.530754685401916504e+00 -1.312914043664932251e-01 -1.056327745318412781e-01 9.126623868942260742e-01
6.462069511413574219e+00 3.265521287918090820e+00 -4.073283076286315918e-01 3.153815984725952148e+00 -2.899414539337158203e+00 -5.900867462158203125e+00 -9.997082710266113281e+00 1.386768519878387451e-01 -3.518139600753784180e+00 2.516965627670288086e+00 4.022523403167724609e+00 -5.098278522491455078e-01 -9.854058027267456055e-01 -4.290862560272216797e+00 1.462225556373596191e+00 4.798204302787780762e-01
3.045520186424255371e-01 3.912186622619628906e-02 1.220131158828735352e+00 8.471229076385498047e-01 -3.594144821166992188e+00 5.111740231513977051e-01 -1.847844272851943970e-01 3.569646358489990234e+00 1.190904855728149414e+00 -9.368553161621093750e-01 1.292688965797424316e+00 1.934698104858398438e+00 2.037402629852294922e+00 -1.862308740615844727e+00 1.073951721191406250e-01 -4.522713184356689453e+00
-2.308649271726608276e-01 -1.585404515266418457e+00 2.021251916885375977e+00 3.382567763328552246e-01 3.078743815422058105e-01 8.719667196273803711e-01 3.707579672336578369e-01 4.396148025989532471e-01 -1.151849269866943359e+00 1.223968505859375000e+00 2.240248918533325195e-01 1.834164112806320190e-01 3.020833015441894531e+00 -1.474727869033813477e+00 -6.017382740974426270e-01 1.264005780220031738e+00
