5.604647397994995117e-01 -7.116714119911193848e-01 -4.088859260082244873e-01 1.278408646583557129e+00 -6.205164194107055664e-01 -3.713282570242881775e-02 3.044786751270294189e-01 -2.933717966079711914e-01 -1.236676335334777832e+00 -8.103003501892089844e-01 -2.563974857330322266e-01 -3.642102703452110291e-02 -5.015901327133178711e-01 -4.062616527080535889e-01 4.372597336769104004e-01 7.737696915864944458e-02
-1.097595214843750000e+00 -2.897622585296630859e-01 -7.357451319694519043e-01 -1.478282213211059570e-01 -1.282267093658447266e+00 -7.331569790840148926e-01 -3.172123432159423828e-01 3.552995026111602783e-01 4.492411389946937561e-03 -3.687723875045776367e-01 1.811345815658569336e-01 2.345042675733566284e-01 -6.868793964385986328e-01 9.878451824188232422e-01 1.465694308280944824e-01 -5.438779592514038086e-01
-7.468801140785217285e-01 -1.383876919746398926e+00 -1.108479857444763184e+00 1.703996658325195312e+00 1.127775907516479492e+00 1.901845447719097137e-02 2.465318441390991211e+00 2.630940079689025879e-01 1.046604156494140625e+00 -1.576360583305358887e+00 -3.505601361393928528e-02 9.258723258972167969e-02 2.563197612762451172e-01 -1.433104276657104492e+00 -4.228021502494812012e-01 9.338201880455017090e-01
4.780649244785308838e-01 1.305858254432678223e+00 9.747702479362487793e-01 5.828684568405151367e-01 1.282825827598571777e+00 1.488302469253540039e+00 1.346636176109313965e+00 -4.108926057815551758e-01 1.990774869918823242e+00 6.586103439331054688e-01 -1.344150900840759277e-01 -5.386130213737487793e-01 -1.147286415100097656e+00 6.068996191024780273e-01 1.489225588738918304e-02 -2.243981361389160156e+00
-2.836494743824005127e-01 2.206408083438873291e-01 -2.804677188396453857e-01 -7.923358678817749023e-02 -1.176741003990173340e+00 -1.215228319168090820e+00 1.331345289945602417e-01 -2.768284082412719727e-01 -7.625064849853515625e-01 2.378354519605636597e-01 4.643254280090332031e-01 2.254803180694580078e-01 -7.433117032051086426e-01 -3.511849343776702881e-01 4.401542991399765015e-02 -5.504184365272521973e-01
-3.068352639675140381e-01 -1.294952630996704102e-02 -8.239434361457824707e-01 -1.147656798362731934e+00 -1.214549899101257324e+00 -8.227107673883438110e-02 5.183656811714172363e-01 -7.095210999250411987e-02 -2.500322833657264709e-02 -1.041767716407775879e+00 8.053316175937652588e-02 4.575148522853851318e-01 1.797120645642280579e-02 -5.884705185890197754e-01 3.130473792552947998e-01 -4.328502714633941650e-02
-6.855862140655517578e-01 -1.852834463119506836e+00 -6.322080492973327637e-01 6.646740436553955078e-02 2.492242753505706787e-01 8.167032599449157715e-01 7.846645116806030273e-01 3.689461052417755127e-01 3.984236419200897217e-01 -2.263154029846191406e+00 1.002847552299499512e+00 1.277319431304931641e+00 2.605178356170654297e-01 -1.948286414146423340e+00 2.608422636985778809e-01 -9.157025218009948730e-01
3.508599847555160522e-02 6.143932938575744629e-01 -1.076138496398925781e+00 2.280527502298355103e-01 5.966613292694091797e-01 -1.439441204071044922e+00 -1.251129150390625000e+00 4.944903850555419922e-01 -6.553720235824584961e-01 -3.191150128841400146e-01 1.159978866577148438e+00 3.890487551689147949e-01 -7.785321474075317383e-01 -8.868771195411682129e-01 1.079418897628784180e+00 -1.013095453381538391e-01
4.852373898029327393e-01 -1.106368780136108398e+00 -4.532295227050781250e+00 7.412796616554260254e-01 -1.594685435295104980e+00 -9.021843910217285156e+00 -7.834920406341552734e+00 -2.944199323654174805e+00 -3.947101116180419922e+00 1.538520693778991699e+00 4.132712841033935547e+00 -4.618272304534912109e+00 -3.903595685958862305e+00 -9.995278120040893555e-01 -9.887102842330932617e-01 2.376885890960693359e+00
-6.891715526580810547e-01 1.687723100185394287e-01 2.628878057003021240e-01 3.182132244110107422e-01 -2.747431039810180664e+00 -1.545148640871047974e-01 -2.424800246953964233e-01 1.870882868766784668e+00 1.952533274888992310e-01 -8.782069683074951172e-01 1.249071240425109863e+00 2.202543914318084717e-01 1.726841926574707031e-01 -1.339452862739562988e+00 4.993816316127777100e-01 -1.768138885498046875e+00
-1.997682452201843262e+00 -8.825763463973999023e-01 -2.232583761215209961e+00 -4.164645820856094360e-02 5.506052374839782715e-01 -5.294335484504699707e-01 4.891385138034820557e-02 1.111682534217834473e+00 1.921229660511016846e-01 -4.921933114528656006e-01 -5.140168219804763794e-02 9.503753185272216797e-01 -2.793952226638793945e-01 -9.259335398674011230e-01 8.279597163200378418e-01 1.089770555496215820e+00
