-4.662470221519470215e-01 2.872829139232635498e-01 9.526722431182861328e-01 -5.419399142265319824e-01 3.747018873691558838e-01 2.708179503679275513e-02 -6.473227739334106445e-01 -6.651256084442138672e-01 -5.061454772949218750e-01 1.318567156791687012e+00 -4.203151464462280273e-01 -4.359995424747467041e-01 2.818687856197357178e-01 1.202003434300422668e-01 -2.583131790161132812e-01 -1.770143806934356689e-01
-5.811547040939331055e-01 1.452870726585388184e+00 4.092930257320404053e-01 9.877331554889678955e-02 -4.899323284626007080e-01 -8.670473694801330566e-01 1.296326965093612671e-01 1.253944635391235352e+00 4.477144405245780945e-02 -1.659442931413650513e-01 1.157744899392127991e-01 -4.226053133606910706e-02 -4.428972899913787842e-01 1.005380526185035706e-01 2.469934523105621338e-01 -9.412766695022583008e-01
3.317031860351562500e-01 1.974485963582992554e-01 -5.024514198303222656e-01 -1.150752663612365723e+00 -4.966546893119812012e-01 -7.290333509445190430e-01 9.708440899848937988e-01 -7.297139167785644531e-01 9.330868124961853027e-01 -1.024958848953247070e+00 -1.175682395696640015e-01 -2.994801998138427734e-01 2.797329127788543701e-01 -6.955501437187194824e-01 7.043455243110656738e-01 -1.780963778495788574e+00
-4.633479118347167969e-01 -5.450483560562133789e-01 1.230295419692993164e+00 2.191786617040634155e-01 -5.399571657180786133e-01 -3.207068517804145813e-02 -2.754502594470977783e-01 6.277577877044677734e-01 6.562318801879882812e-01 -2.525659203529357910e-01 -1.964536905288696289e-01 7.587626576423645020e-01 6.520782411098480225e-02 -5.729420781135559082e-01 1.680020093917846680e-01 7.816368341445922852e-01
-8.439064025878906250e-01 6.711142063140869141e-01 -4.456462860107421875e-01 -1.595327138900756836e+00 1.221621111035346985e-01 2.151815295219421387e-01 2.368917316198348999e-02 4.185241162776947021e-01 -6.268290281295776367e-01 2.160476334393024445e-02 -2.412754893302917480e-01 5.482285022735595703e-01 1.106576845049858093e-01 5.166809260845184326e-02 -1.809386909008026123e-01 -1.841365098953247070e+00
-4.610894024372100830e-01 8.721385002136230469e-01 7.132599949836730957e-01 -5.824682712554931641e-01 -3.143365681171417236e-01 4.251661896705627441e-02 6.126934289932250977e-01 1.677810214459896088e-02 -4.790377570316195488e-04 5.011289715766906738e-01 -7.825021743774414062e-01 5.140020325779914856e-02 1.216792613267898560e-01 5.525957345962524414e-01 8.525359034538269043e-01 -3.425384759902954102e-01
-4.059360623359680176e-01 -2.800379991531372070e-01 2.683567814528942108e-02 -1.340363264083862305e+00 -4.372006356716156006e-01 7.444268465042114258e-01 3.440798223018646240e-01 -3.771302998065948486e-01 -1.014200687408447266e+00 6.552270650863647461e-01 -1.855912655591964722e-01 -1.367033272981643677e-01 5.338034033775329590e-01 -1.528587788343429565e-01 -4.875572863966226578e-03 7.009458541870117188e-02
-9.745832681655883789e-01 -4.044995903968811035e-01 -5.249541997909545898e-01 2.589785456657409668e-01 -1.669888347387313843e-01 -2.534424066543579102e-01 2.772457599639892578e-01 1.884646862745285034e-01 4.114098846912384033e-02 -5.722902417182922363e-01 -3.993788957595825195e-01 -4.448974430561065674e-01 -6.092769503593444824e-01 -3.425566554069519043e-01 -3.973634541034698486e-01 6.221780776977539062e-01
-1.321144402027130127e-01 2.546631991863250732e-01 1.344027370214462280e-01 -7.071020603179931641e-01 3.852835595607757568e-01 -1.353198569267988205e-02 -7.003244012594223022e-02 4.421124756336212158e-01 2.103694230318069458e-01 9.398858249187469482e-02 -1.678223460912704468e-01 -4.896307885646820068e-01 5.393941402435302734e-01 -7.408143877983093262e-01 -1.598703712224960327e-01 -2.121728062629699707e-01
-3.107557296752929688e-01 -3.728832006454467773e-01 3.728565275669097900e-01 4.656182527542114258e-01 4.320148527622222900e-01 -4.153350889682769775e-01 4.360674917697906494e-01 2.414084672927856445e-01 2.279750704765319824e-01 -1.651822179555892944e-01 6.427820324897766113e-01 9.224416613578796387e-01 1.640311181545257568e-01 3.816052973270416260e-01 -5.135551691055297852e-01 8.012804985046386719e-01
4.245333075523376465e-01 -2.765176892280578613e-01 6.258025765419006348e-01 2.362415194511413574e-01 6.076322197914123535e-01 3.977636396884918213e-01 2.200518548488616943e-01 1.766207367181777954e-01 -2.611480951309204102e-01 5.234355926513671875e-01 -4.623724222183227539e-01 -2.955091297626495361e-01 4.515293240547180176e-01 -5.119766592979431152e-01 -4.512046277523040771e-01 1.745179444551467896e-01
-5.157428383827209473e-01 -3.498490154743194580e-01 -4.666340053081512451e-01 1.001136749982833862e-01 -3.813185542821884155e-02 1.694881319999694824e-01 -7.833973318338394165e-02 -6.429329514503479004e-02 2.042961120605468750e-01 -1.759061664342880249e-01 4.869229495525360107e-01 7.573819160461425781e-01 -7.126597762107849121e-01 6.121600046753883362e-02 7.236548066139221191e-01 -2.392460703849792480e-01
1.159699931740760803e-01 -1.050787046551704407e-03 6.029481291770935059e-01 -9.673990607261657715e-01 6.296441555023193359e-01 -3.764005899429321289e-01 -4.410336613655090332e-01 -5.365739390254020691e-02 7.870810478925704956e-02 5.186518430709838867e-01 -2.307921200990676880e-01 2.914775311946868896e-01 1.471699476242065430e-01 6.767167448997497559e-01 7.645349204540252686e-02 -9.254848957061767578e-01
2.690167427062988281e-01 4.938874244689941406e-01 4.364461929071694613e-04 -1.489446312189102173e-01 1.080377846956253052e-01 -8.983495086431503296e-02 -1.540731489658355713e-01 -1.737853288650512695e-01 -9.248405098915100098e-01 5.771469473838806152e-01 -6.639888882637023926e-02 2.804146707057952881e-01 -6.261072158813476562e-01 -6.153250932693481445e-01 6.231911778450012207e-01 3.044667243957519531e-01
6.213054656982421875e-01 -2.310547232627868652e-01 3.642329871654510498e-01 2.744150161743164062e-02 2.464000284671783447e-01 3.837375342845916748e-01 3.848925828933715820e-01 4.165058732032775879e-01 1.386567652225494385e-01 8.237798213958740234e-01 -9.778029322624206543e-01 1.001344919204711914e+00 5.486592054367065430e-01 1.053587317466735840e+00 2.442299574613571167e-01 -1.431016921997070312e-01
-1.200593471527099609e+00 5.023818016052246094e-01 -1.157548785209655762e+00 -8.705593347549438477e-01 -8.312721252441406250e-01 -6.882756352424621582e-01 -3.024190664291381836e-01 7.444227933883666992e-01 -8.666491508483886719e-01 4.065954089164733887e-01 6.711789369583129883e-01 -1.144300028681755066e-01 -5.721053481101989746e-01 -1.054780602455139160e+00 -3.796142041683197021e-01 -1.594837069511413574e+00
