-1.119007349014282227e+00 1.425849348306655884e-01 3.845984637737274170e-01 8.443307280540466309e-01 -7.679032087326049805e-01 -1.798518061637878418e+00 1.438677459955215454e-01 5.284892320632934570e-01 1.691216230392456055e-01 1.018821373581886292e-01 8.160203578881919384e-04 -8.523426651954650879e-01 -7.892578244209289551e-01 1.233699992299079895e-01 -8.007837533950805664e-01 4.722281694412231445e-01
2.482911497354507446e-01 -3.310252726078033447e-01 -1.567828208208084106e-01 -4.567060992121696472e-02 -1.295486986637115479e-01 2.633387222886085510e-02 -4.879370331764221191e-01 -4.412122070789337158e-02 -6.087426543235778809e-01 4.147207438945770264e-01 1.993841230869293213e-01 5.210135579109191895e-01 -1.555489450693130493e-01 -4.683793187141418457e-01 3.591895699501037598e-01 -2.083453722298145294e-02
1.163399696350097656e+00 -1.739685386419296265e-01 2.292287200689315796e-01 -3.476523160934448242e-01 -8.305196464061737061e-02 -7.339100837707519531e-01 -2.155269861221313477e+00 1.276944279670715332e+00 9.611182659864425659e-02 -5.591496229171752930e-01 -1.614033341407775879e+00 9.219495058059692383e-01 -2.533390283584594727e+00 6.614636778831481934e-01 9.184311032295227051e-01 1.344731450080871582e-01
1.971086412668228149e-01 5.572548508644104004e-01 5.945409536361694336e-01 -5.850207805633544922e-01 2.662389911711215973e-02 -1.438090801239013672e+00 8.386135846376419067e-02 6.180909276008605957e-01 -5.249063968658447266e-01 -2.191858142614364624e-01 7.618684172630310059e-01 -9.602193832397460938e-01 7.350214123725891113e-01 -8.966292738914489746e-01 -6.215029358863830566e-01 6.670212149620056152e-01
-1.616445541381835938e+00 1.355207920074462891e+00 7.555617690086364746e-01 3.894106447696685791e-01 -2.801703512668609619e-01 -3.347943723201751709e-01 1.613722681999206543e+00 1.719646602869033813e-01 -4.673781394958496094e-01 1.183203101158142090e+00 3.724769130349159241e-02 -9.610001444816589355e-01 -2.366128921508789062e+00 -2.380885481834411621e-01 6.629213690757751465e-01 -6.775376200675964355e-01
9.541174769401550293e-01 -1.589725166559219360e-01 -1.100805878639221191e+00 -3.103352785110473633e+00 7.661485075950622559e-01 -1.027536273002624512e+00 -2.310470819473266602e+00 2.139111012220382690e-01 -2.787348628044128418e-01 -1.854000687599182129e+00 -5.141687989234924316e-01 6.916997432708740234e-01 6.379495263099670410e-01 -1.427046358585357666e-01 1.313226699829101562e+00 -2.513849139213562012e-01
4.519267082214355469e+00 -1.086351275444030762e-02 -2.990682840347290039e+00 -5.252088069915771484e+00 5.757237076759338379e-01 -2.427563667297363281e+00 -5.080808639526367188e+00 2.096770763397216797e+00 -3.131554126739501953e-01 -4.581632614135742188e+00 -2.417663857340812683e-02 1.525202870368957520e+00 1.540659070014953613e+00 1.085546374320983887e+00 1.078826189041137695e+00 -7.362632751464843750e-01
4.573678597807884216e-02 1.343485474586486816e+00 -3.821504712104797363e-01 7.934738397598266602e-01 9.606487751007080078e-01 2.317863941192626953e+00 5.497648715972900391e-01 5.573044419288635254e-01 -8.995795249938964844e-01 2.445399522781372070e+00 -2.530189990997314453e+00 9.141174554824829102e-01 3.303162753582000732e-01 -2.137221813201904297e+00 9.143046140670776367e-01 -3.013732433319091797e-01
1.591078162193298340e+00 -2.799193143844604492e+00 -3.624787569046020508e+00 -8.231353759765625000e-02 8.304296493530273438e+00 1.316273570060729980e+00 1.708048701286315918e+00 2.090725898742675781e+00 7.234549999237060547e+00 -1.497730016708374023e-01 -7.722920179367065430e-01 -3.839097738265991211e+00 -2.563236713409423828e+00 -8.034427642822265625e+00 -2.239395976066589355e-01 6.042914867401123047e+00
9.384462237358093262e-01 3.811672925949096680e+00 -6.776989698410034180e-01 5.576952099800109863e-01 -1.063867807388305664e+00 -3.640681982040405273e+00 1.457196921110153198e-01 1.773271560668945312e+00 -3.208067178726196289e+00 -2.208574056625366211e+00 3.556454181671142578e-01 -2.710284665226936340e-02 -3.732182502746582031e+00 9.430022835731506348e-01 -7.520338296890258789e-01 -3.622246265411376953e+00
1.269920945167541504e+00 2.838046550750732422e+00 1.128051996231079102e+00 -2.924912273883819580e-01 1.214314699172973633e+00 9.218825101852416992e-01 -3.450447618961334229e-01 7.371640205383300781e-01 -6.667090207338333130e-02 -8.276674747467041016e-01 1.565877348184585571e-01 9.760308861732482910e-01 5.480892658233642578e-01 1.608329892158508301e+00 1.228774547576904297e+00 9.582967758178710938e-01
