-8.749132603406906128e-02 3.714150786399841309e-01 -2.778341993689537048e-03 -1.061672568321228027e+00 1.294385641813278198e-01 -4.821127355098724365e-01 -6.794096827507019043e-01 -1.097669005393981934e+00 2.999971628189086914e+00 1.071558356285095215e+00 -3.173325359821319580e-01 -7.254197597503662109e-01 6.750198006629943848e-01 6.516663432121276855e-01 4.787908867001533508e-02 8.131498694419860840e-01
2.420005947351455688e-01 9.555263519287109375e-01 9.664514660835266113e-01 1.166703343391418457e+00 -2.995553314685821533e-01 6.086239814758300781e-01 6.262319087982177734e-01 7.217689752578735352e-01 3.246230185031890869e-01 1.709826231002807617e+00 -8.016161918640136719e-01 1.281808733940124512e+00 5.907675027847290039e-01 5.032798051834106445e-01 -8.959049582481384277e-01 8.847716450691223145e-01
-1.324476897716522217e-01 -4.752807319164276123e-01 8.079633712768554688e-01 -6.373745203018188477e-01 2.000553369522094727e+00 1.132144808769226074e+00 2.163674116134643555e+00 3.251352310180664062e-01 2.421231746673583984e+00 2.172536849975585938e-01 1.630044579505920410e+00 5.568429827690124512e-01 -2.901768870651721954e-02 1.376920580863952637e+00 -4.494512081146240234e-01 -7.447167634963989258e-01
3.644116222858428955e-01 4.732401371002197266e-01 1.878865808248519897e-01 -6.157974600791931152e-01 -6.945238709449768066e-01 -6.913435459136962891e-02 3.659768775105476379e-02 -5.269904136657714844e-01 1.051790565252304077e-01 1.352653384208679199e+00 -2.024655103683471680e+00 -5.888974666595458984e-01 1.493884921073913574e+00 5.370701551437377930e-01 1.667723417282104492e+00 1.660352349281311035e-01
1.511842943727970123e-02 4.492041468620300293e-01 -1.060965061187744141e-01 -4.005576372146606445e-01 -2.583962202072143555e+00 -4.046834707260131836e-01 2.511956393718719482e-01 4.778521507978439331e-02 5.354772806167602539e-01 9.897161722183227539e-01 -4.796151071786880493e-02 -1.279505252838134766e+00 1.859310150146484375e+00 -1.304419159889221191e+00 -6.914433836936950684e-01 -2.163944005966186523e+00
1.328994750976562500e+00 -3.357634544372558594e-01 -1.641803264617919922e+00 -1.258747816085815430e+00 7.041825652122497559e-01 -6.813617944717407227e-01 2.029738724231719971e-01 3.863496184349060059e-01 6.177448630332946777e-01 4.293611347675323486e-01 -2.360125333070755005e-01 -5.971668958663940430e-01 1.003716707229614258e+00 -8.319213390350341797e-01 2.716492414474487305e-01 -2.822127938270568848e-01
2.211231946945190430e+00 1.101018428802490234e+00 9.792409837245941162e-02 7.016947269439697266e-01 9.958654046058654785e-01 8.633554577827453613e-01 1.701045751571655273e+00 3.134515285491943359e+00 -9.484149813652038574e-01 -1.984628587961196899e-01 -1.753525972366333008e+00 1.167461156845092773e+00 1.169489383697509766e+00 -1.038939952850341797e+00 2.492079973220825195e+00 -6.421598792076110840e-01
-2.549116313457489014e-01 1.347889065742492676e+00 -1.101256132125854492e+00 8.383417129516601562e-02 5.895224809646606445e-01 -3.645466864109039307e-01 -9.143596887588500977e-01 -1.117598116397857666e-01 -4.486025869846343994e-01 2.733107507228851318e-01 2.523357152938842773e+00 7.054804563522338867e-01 -1.241048932075500488e+00 1.480883002281188965e+00 9.639942049980163574e-01 5.951872467994689941e-01
5.122511863708496094e+00 2.694268703460693359e+00 1.238568782806396484e+00 2.950639486312866211e+00 -3.379555463790893555e+00 -5.044165611267089844e+00 -2.916464328765869141e+00 2.234057664871215820e+00 -4.523691177368164062e+00 -3.504517078399658203e-01 1.197121143341064453e+00 1.688886046409606934e+00 -9.539252519607543945e-01 -7.433965682983398438e+00 5.037829279899597168e-01 -2.214318275451660156e+00
3.491215109825134277e-01 -2.144366800785064697e-01 5.156435966491699219e-01 1.268907904624938965e+00 -2.841180086135864258e+00 6.053981184959411621e-01 8.303280174732208252e-02 3.296081304550170898e+00 6.951892375946044922e-01 9.590726494789123535e-01 -4.184689745306968689e-02 -1.051219463348388672e+00 3.220715522766113281e+00 -1.098145127296447754e+00 1.943497657775878906e-01 -3.501748085021972656e+00
5.887012481689453125e-01 -5.763932466506958008e-01 2.160932779312133789e+00 -3.321070373058319092e-01 1.346938963979482651e-02 1.011453866958618164e+00 3.134693622589111328e+00 2.267326116561889648e-01 -3.074788808822631836e+00 -4.044150412082672119e-01 8.037244081497192383e-01 8.205096423625946045e-02 1.555215001106262207e+00 -4.314788818359375000e+00 2.094559371471405029e-01 6.854358911514282227e-01
