-8.297615568153560162e-04 -2.491727173328399658e-01 1.051806330680847168e+00 1.452625691890716553e-01 2.060337662696838379e-01 -4.573857784271240234e-01 1.105211019515991211e+00 4.943191409111022949e-01 1.939831078052520752e-01 6.843982338905334473e-01 6.971088796854019165e-02 -1.887332499027252197e-01 3.671851158142089844e-01 3.780860900878906250e-01 3.179893791675567627e-01 1.026240512728691101e-01
4.855477809906005859e-01 -3.368079364299774170e-01 9.775555878877639771e-02 -2.010084539651870728e-01 -6.808968782424926758e-01 -2.003003358840942383e-01 -1.655164174735546112e-02 -7.316238880157470703e-01 -3.989121019840240479e-01 -1.134925127029418945e+00 -6.360024213790893555e-01 -2.200237959623336792e-01 7.593870908021926880e-02 -7.199987173080444336e-01 -5.828758478164672852e-01 -1.656259536743164062e+00
-1.467141807079315186e-01 7.766078710556030273e-01 8.747889660298824310e-03 -3.156431615352630615e-01 3.428606986999511719e-01 -2.126839399337768555e+00 -4.884838163852691650e-01 2.931939959526062012e-01 1.290900111198425293e-01 7.013610005378723145e-01 -6.088767647743225098e-01 -6.584337949752807617e-01 -7.738987803459167480e-01 1.475501656532287598e-01 5.076414942741394043e-01 -1.236179947853088379e+00
-2.776972651481628418e-01 -3.418950140476226807e-01 6.547408103942871094e-01 2.109672427177429199e-01 -9.731359481811523438e-01 -1.225869774818420410e+00 -1.540800780057907104e-01 1.216455325484275818e-01 7.076984643936157227e-02 -5.291375517845153809e-01 2.870436906814575195e-01 -1.059968233108520508e+00 -2.587781846523284912e-01 -1.191737890243530273e+00 5.739231780171394348e-02 2.583179771900177002e-01
1.691113859415054321e-01 5.980457663536071777e-01 8.699350059032440186e-02 -4.487691223621368408e-01 1.028843224048614502e-01 2.544497966766357422e+00 -2.544132173061370850e-01 2.055898904800415039e-01 -3.940167725086212158e-01 4.473972022533416748e-01 6.469452381134033203e-02 9.615775942802429199e-01 -1.796581298112869263e-01 1.570400893688201904e-01 3.728828728199005127e-01 -5.380961894989013672e-01
5.370846986770629883e-01 -1.992663443088531494e-01 -1.643931567668914795e-01 1.723354607820510864e-01 -9.445423483848571777e-01 1.625631809234619141e+00 3.728650137782096863e-02 3.266375139355659485e-02 -2.916662208735942841e-02 -3.607941567897796631e-01 -5.887723565101623535e-01 1.039938628673553467e-01 -4.971830248832702637e-01 2.245671115815639496e-03 7.439059615135192871e-01 6.249262094497680664e-01
-2.248452603816986084e-01 -1.891898661851882935e-01 8.698688745498657227e-01 8.833115696907043457e-01 1.545422226190567017e-01 -9.104211330413818359e-01 2.792758643627166748e-01 2.255916595458984375e-01 -1.135439872741699219e-01 -1.257984638214111328e+00 -6.538855433464050293e-01 -1.390639543533325195e+00 -9.022527188062667847e-02 -1.542929112911224365e-01 -1.980217397212982178e-01 -5.553799271583557129e-01
2.232059538364410400e-01 -7.285609245300292969e-01 -3.404406011104583740e-01 -2.608536779880523682e-01 -1.095880344510078430e-01 1.582750678062438965e+00 4.776563942432403564e-01 -1.081940606236457825e-01 -5.515689253807067871e-01 -1.702762097120285034e-01 -1.437416970729827881e-01 7.628616094589233398e-01 -1.404611229896545410e+00 1.019029542803764343e-01 -3.667357265949249268e-01 -2.994128763675689697e-01
7.260203361511230469e-01 -1.534787565469741821e-01 3.824471533298492432e-01 2.434824705123901367e-01 5.708099603652954102e-01 1.291563034057617188e+00 -6.338683366775512695e-01 3.122190237045288086e-01 4.025230705738067627e-01 9.886257648468017578e-01 8.130943775177001953e-01 2.017767429351806641e-01 -3.603032231330871582e-01 9.267932921648025513e-02 6.283793449401855469e-01 3.888919949531555176e-01
6.571128368377685547e-01 -3.178528249263763428e-01 -2.931665182113647461e-01 -2.728500068187713623e-01 1.214634850621223450e-01 1.830013513565063477e+00 -5.345385670661926270e-01 -2.876005470752716064e-01 -4.641862511634826660e-01 1.505270600318908691e-01 3.993187844753265381e-01 4.276914298534393311e-01 2.878411710262298584e-01 5.318433046340942383e-01 2.566334307193756104e-01 2.903483249247074127e-02
3.138355165719985962e-02 -4.621827900409698486e-01 -9.321870803833007812e-01 -4.362565577030181885e-01 -3.201126754283905029e-01 -7.104632854461669922e-01 2.097108066082000732e-01 -1.461278200149536133e-01 -3.517893552780151367e-01 -9.427601695060729980e-01 1.575729101896286011e-01 -2.429707795381546021e-01 5.114319324493408203e-01 -7.295778393745422363e-01 -6.343933939933776855e-01 -7.303845882415771484e-01
-2.102861106395721436e-01 8.546887040138244629e-01 1.804780960083007812e-01 7.685247659683227539e-01 7.582497596740722656e-02 -1.280807614326477051e+00 3.520960807800292969e-01 -2.565942890942096710e-02 2.020147144794464111e-01 8.397495746612548828e-01 4.940558224916458130e-02 -3.067406117916107178e-01 7.654039263725280762e-01 -1.880895495414733887e-01 -1.623948067426681519e-01 -6.097339987754821777e-01
5.059422850608825684e-01 -7.793913483619689941e-01 1.394194066524505615e-01 -3.379611372947692871e-01 -3.038317859172821045e-01 2.454409152269363403e-01 -6.216467618942260742e-01 4.046214520931243896e-01 -9.043751358985900879e-01 3.962846696376800537e-01 -2.884316444396972656e-01 -5.788628458976745605e-01 2.689752876758575439e-01 -4.884927868843078613e-01 1.057586431503295898e+00 -1.871038079261779785e-01
-2.951857745647430420e-01 9.300423413515090942e-02 -2.610237896442413330e-02 1.561038047075271606e-01 2.749885618686676025e-01 -6.389904618263244629e-01 2.011514157056808472e-01 2.161703854799270630e-01 2.801253497600555420e-01 1.459181774407625198e-02 -3.155021667480468750e-01 1.902706176042556763e-01 1.181126117706298828e+00 3.525965213775634766e-01 8.174254745244979858e-02 -1.045438051223754883e+00
4.722830057144165039e-01 6.544556021690368652e-01 -5.827221870422363281e-01 -4.737752079963684082e-01 5.849010944366455078e-01 -7.017483115196228027e-01 4.469639956951141357e-01 -2.004960365593433380e-02 7.779470086097717285e-01 5.341197177767753601e-02 1.471682548522949219e+00 -2.949826419353485107e-01 -6.030115485191345215e-01 -4.024618268013000488e-01 2.220755517482757568e-01 2.423880249261856079e-01
-5.386971235275268555e-01 -6.859907507896423340e-02 2.344725430011749268e-01 9.910425543785095215e-01 1.302728652954101562e-01 7.435151934623718262e-01 3.591155409812927246e-01 8.708523213863372803e-02 1.147036030888557434e-01 1.381570193916559219e-02 -1.862529218196868896e-01 -5.418034195899963379e-01 -3.068184554576873779e-01 -5.308396220207214355e-01 6.730751991271972656e-01 6.583282351493835449e-02
