1.497669517993927002e-02 2.442387491464614868e-01 7.809047102928161621e-01 -8.022266626358032227e-02 7.162975613027811050e-03 -2.736941576004028320e-01 8.231223225593566895e-01 6.534051299095153809e-01 1.692019402980804443e-01 6.821396350860595703e-01 2.384967654943466187e-01 -1.353800147771835327e-01 7.016918659210205078e-01 7.103780508041381836e-01 1.569066196680068970e-01 1.781716495752334595e-01
8.102892041206359863e-01 -6.535185128450393677e-02 -7.232683300971984863e-01 -4.280418753623962402e-01 1.613107681274414062e+00 -1.523465365171432495e-01 -6.667689085006713867e-01 1.919433712959289551e+00 1.348718442022800446e-02 3.630309700965881348e-01 -3.098058998584747314e-01 1.330518960952758789e+00 1.242593765258789062e+00 2.597349286079406738e-01 3.554259240627288818e-01 1.046510696411132812e+00
4.712607860565185547e-01 -2.542193531990051270e-01 1.237234592437744141e+00 -8.168779611587524414e-01 -2.302378863096237183e-01 -3.093784749507904053e-01 -4.003250002861022949e-01 9.361326098442077637e-01 4.763724505901336670e-01 1.245395183563232422e+00 5.152152180671691895e-01 1.057662844657897949e+00 -7.314519882202148438e-01 7.468423247337341309e-01 -7.420814633369445801e-01 -8.783068656921386719e-01
1.054117441177368164e+00 -6.785283684730529785e-01 -1.765071511268615723e+00 -9.357975721359252930e-01 3.968138098716735840e-01 -7.812783122062683105e-01 -2.492718398571014404e-01 -2.331484854221343994e-01 -8.529183864593505859e-01 -5.328974723815917969e-01 -1.191395998001098633e+00 2.402295768260955811e-01 5.090247392654418945e-01 -5.721096396446228027e-01 -1.393749117851257324e-01 6.577625274658203125e-01
-2.187037944793701172e+00 -4.270825386047363281e-01 -8.041692376136779785e-01 -1.348279714584350586e-01 7.913867831230163574e-01 -8.485060334205627441e-01 -1.250602364540100098e+00 -7.162244319915771484e-01 -2.896552085876464844e-01 -1.318297386169433594e+00 -1.218139290809631348e+00 -1.491472482681274414e+00 4.619334042072296143e-01 -1.939810276031494141e+00 -1.140854358673095703e+00 -8.205015063285827637e-01
-1.770689934492111206e-01 -1.961203813552856445e-01 -3.087159097194671631e-01 8.821160793304443359e-01 8.380477428436279297e-01 -1.123147964477539062e+00 3.946058154106140137e-01 -2.191932797431945801e-01 2.110132277011871338e-01 5.276963114738464355e-02 -3.366286754608154297e-01 -1.746066093444824219e+00 -6.618147343397140503e-02 -2.878451943397521973e-01 -5.505983233451843262e-01 -6.702398061752319336e-01
-3.808505833148956299e-01 -3.615197241306304932e-01 -5.340602993965148926e-01 9.337698817253112793e-01 7.626022100448608398e-01 -2.433325946331024170e-01 -3.417820483446121216e-02 -6.547313332557678223e-01 1.304358243942260742e-02 -3.267156481742858887e-01 -1.089959502220153809e+00 -6.256875395774841309e-01 6.345804929733276367e-01 -1.376379966735839844e+00 -3.472558557987213135e-01 -2.206961065530776978e-01
-6.578133106231689453e-01 -1.793181180953979492e+00 -8.429313898086547852e-01 -8.697034120559692383e-01 4.672726988792419434e-01 -1.350456595420837402e+00 -1.533080935478210449e+00 -6.699401885271072388e-02 -1.459858417510986328e+00 -3.154539763927459717e-01 -9.801228642463684082e-01 -5.063619613647460938e-01 9.962239265441894531e-01 -5.247454047203063965e-01 8.802974224090576172e-01 1.273029297590255737e-01
7.961814850568771362e-02 -8.881644606590270996e-01 8.390025049448013306e-02 9.003785252571105957e-01 -5.272874832153320312e-01 6.509584784507751465e-01 -7.564079761505126953e-02 -1.382954835891723633e+00 1.016403079032897949e+00 -3.032934963703155518e-01 4.922437295317649841e-02 -1.135928273200988770e+00 3.537116646766662598e-01 -1.931514382362365723e+00 -7.968447804450988770e-01 4.250760674476623535e-01
-1.342130899429321289e+00 1.177188038825988770e+00 3.336195945739746094e-01 -3.844423890113830566e-01 -8.032755851745605469e-01 1.752308607101440430e-01 1.422065258026123047e+00 -7.887554168701171875e-01 -1.848104149103164673e-01 -2.814383208751678467e-01 -7.015448808670043945e-01 -3.091927170753479004e-01 3.451527655124664307e-01 5.251746177673339844e-01 -1.048006534576416016e+00 -7.896672934293746948e-02
-3.343507647514343262e-02 1.267443776130676270e+00 1.621145009994506836e+00 1.533688545227050781e+00 2.733926177024841309e-01 -1.304765820503234863e+00 7.846285700798034668e-01 -5.480331555008888245e-02 5.842053294181823730e-01 4.717157781124114990e-01 7.017469406127929688e-01 -7.811814546585083008e-01 1.430987715721130371e+00 7.547507882118225098e-01 -4.609181880950927734e-01 3.345770016312599182e-02
-1.544781029224395752e-01 4.503643214702606201e-01 -2.724868953227996826e-01 -5.240734815597534180e-01 -3.377281725406646729e-01 -1.344721555709838867e+00 -4.092302620410919189e-01 5.213005542755126953e-01 7.398226857185363770e-01 3.993080556392669678e-01 1.194524168968200684e+00 -1.189175963401794434e+00 -1.094961524009704590e+00 -2.514818012714385986e-01 1.072061657905578613e+00 -9.332751631736755371e-01
-1.436299234628677368e-01 4.820811152458190918e-01 7.255737781524658203e-01 2.084473669528961182e-01 -4.661276936531066895e-01 5.869501829147338867e-01 1.086386084556579590e+00 3.464681804180145264e-01 4.633479118347167969e-01 4.533526301383972168e-01 8.186801671981811523e-01 -3.217922523617744446e-02 -8.055970072746276855e-01 9.357226490974426270e-01 -4.649673029780387878e-02 4.576771557331085205e-01
1.424478054046630859e+00 -8.640710711479187012e-01 1.493292003870010376e-01 6.860231608152389526e-02 1.557930409908294678e-01 -5.120978355407714844e-01 -2.082168817520141602e+00 1.529362916946411133e+00 2.583553493022918701e-01 -5.442908406257629395e-02 1.883767396211624146e-01 1.013079166412353516e+00 4.932496249675750732e-01 1.262929797172546387e+00 7.145657539367675781e-01 9.978535771369934082e-01
-9.367015361785888672e-01 4.081844538450241089e-02 -3.765988051891326904e-01 6.912983655929565430e-01 -3.139393031597137451e-01 -1.529662132263183594e+00 5.771979689598083496e-01 7.226801514625549316e-01 8.748292326927185059e-01 -1.333573698997497559e+00 2.303523868322372437e-01 -5.948220491409301758e-01 4.645450711250305176e-01 1.239450126886367798e-01 -2.117607444524765015e-01 -8.601948618888854980e-01
-1.030936956405639648e+00 -8.707913011312484741e-02 6.705636978149414062e-01 2.002631723880767822e-01 -6.893862485885620117e-01 -4.386010766029357910e-01 4.742749631404876709e-01 -6.005474328994750977e-01 3.303444683551788330e-01 -2.450842410326004028e-01 6.071092486381530762e-01 -9.692702889442443848e-01 -1.634457945823669434e+00 -1.972277879714965820e+00 -7.427269816398620605e-01 2.637250423431396484e-01
