6.719267964363098145e-01 -1.796292066574096680e+00 -5.034823417663574219e-01 -2.976171970367431641e-01 -3.134677112102508545e-01 9.619503021240234375e-01 -1.971807777881622314e-01 -5.399387478828430176e-01 6.201166510581970215e-01 -4.639395773410797119e-01 4.921154379844665527e-01 4.219385981559753418e-01 1.703638881444931030e-01 -2.272563874721527100e-01 4.801347851753234863e-01 3.756057620048522949e-01
-2.893071472644805908e-01 -6.910781264305114746e-01 -3.702498078346252441e-01 2.926068305969238281e-01 -8.015462160110473633e-01 8.376603722572326660e-01 4.880301654338836670e-01 -8.496696949005126953e-01 1.855607777833938599e-01 -2.788229286670684814e-01 9.438598901033401489e-02 2.788394391536712646e-01 1.080813169479370117e+00 -3.550677895545959473e-01 4.437415301799774170e-01 3.243437781929969788e-02
-1.976674050092697144e-01 3.682677447795867920e-02 -5.152565836906433105e-01 -6.771423220634460449e-01 -4.473593831062316895e-01 -3.576348423957824707e-01 -3.493671864271163940e-02 9.832586646080017090e-01 2.877450287342071533e-01 8.019170761108398438e-01 4.453994333744049072e-01 8.603432774543762207e-02 -1.198333621025085449e+00 5.115877389907836914e-01 -2.514285743236541748e-01 -9.936587214469909668e-01
3.380485773086547852e-01 3.037548661231994629e-01 -3.467375934123992920e-01 2.887240350246429443e-01 -6.356131434440612793e-01 -1.872828602790832520e-01 -7.044365406036376953e-01 2.383171468973159790e-01 1.210726380348205566e+00 1.418079137802124023e-01 7.858006954193115234e-01 7.956333756446838379e-01 -1.810694634914398193e-01 1.474750787019729614e-01 5.525602698326110840e-01 -6.672129631042480469e-01
-8.126428723335266113e-01 4.986497387290000916e-02 -2.202455550432205200e-01 6.106873154640197754e-01 1.136778593063354492e+00 2.202109545469284058e-01 6.489363908767700195e-01 5.209402441978454590e-01 -9.528529644012451172e-01 1.023298263549804688e+00 -5.483439564704895020e-01 1.741490811109542847e-01 6.000641584396362305e-01 2.536316514015197754e-01 -1.816866546869277954e-01 -1.363764256238937378e-01
-1.216418623924255371e+00 -6.112818717956542969e-01 -9.752053022384643555e-01 -3.092905580997467041e-01 1.175328418612480164e-01 -6.415306776762008667e-02 -9.853398054838180542e-02 -1.818036139011383057e-01 -9.391859769821166992e-01 4.426030814647674561e-01 -5.098347663879394531e-01 -5.703172683715820312e-01 2.188765555620193481e-01 5.019757747650146484e-01 -8.325273543596267700e-02 -1.753290742635726929e-01
1.525984704494476318e-01 -6.439371705055236816e-01 9.294027686119079590e-01 2.927957177162170410e-01 -1.502471327781677246e+00 -4.286270141601562500e-01 -1.337650656700134277e+00 3.042613565921783447e-01 1.983458697795867920e-01 -1.312410116195678711e+00 4.209859967231750488e-01 -2.041664719581604004e-01 -7.768058180809020996e-01 1.833431050181388855e-02 2.596679031848907471e-01 -3.457542359828948975e-01
-2.512597441673278809e-01 4.274062216281890869e-01 6.326059103012084961e-01 6.537251472473144531e-01 1.450412988662719727e+00 4.469461441040039062e-01 9.353585839271545410e-01 4.183720052242279053e-01 -4.404960572719573975e-01 -7.844160310924053192e-03 -6.880683302879333496e-01 -2.621572315692901611e-01 6.467303633689880371e-02 -2.631295621395111084e-01 -3.208976984024047852e-01 -1.939698457717895508e-01
-2.563209235668182373e-01 -5.994184017181396484e-01 2.665461301803588867e-01 9.249688386917114258e-01 -5.412186980247497559e-01 4.379337653517723083e-02 -4.172174036502838135e-01 1.281509280204772949e+00 -5.195772647857666016e-02 -1.046393513679504395e+00 -4.423162341117858887e-02 -1.268167644739151001e-01 4.609968140721321106e-02 -1.276013553142547607e-01 9.185060858726501465e-02 4.467750489711761475e-01
3.404156863689422607e-02 5.238326787948608398e-01 3.566095232963562012e-01 -2.470520436763763428e-01 4.000747203826904297e-01 3.290653228759765625e-02 -6.675677299499511719e-01 5.777432918548583984e-01 1.192373316735029221e-02 5.930052399635314941e-01 -2.540633678436279297e-01 -2.398414313793182373e-01 2.980832755565643311e-01 4.209307134151458740e-01 -5.065922737121582031e-01 -1.710432916879653931e-01
-5.380384922027587891e-01 4.417671561241149902e-01 -1.877082735300064087e-01 -7.012503147125244141e-01 -5.361770391464233398e-01 -1.225420273840427399e-02 1.558389902114868164e+00 -7.334080934524536133e-01 -3.050851821899414062e-01 9.929499030113220215e-01 -1.231121122837066650e-01 2.252612262964248657e-01 8.366473764181137085e-02 5.180150866508483887e-01 6.330058574676513672e-01 8.247724920511245728e-02
3.392018675804138184e-01 -9.840458035469055176e-01 -4.609998166561126709e-01 6.239043474197387695e-01 -1.104295492172241211e+00 -5.445680022239685059e-02 -1.033091098070144653e-01 -4.461142420768737793e-01 4.050839245319366455e-01 -3.005262315273284912e-01 2.490299046039581299e-01 3.976119160652160645e-01 -1.109623551368713379e+00 3.182984516024589539e-02 -1.414432823657989502e-01 3.608972430229187012e-01
2.227504253387451172e-01 5.876192823052406311e-02 -2.547932267189025879e-01 2.795684933662414551e-01 -4.955925047397613525e-01 2.201078236103057861e-01 1.188042089343070984e-01 -2.676515877246856689e-01 -1.026071548461914062e+00 -9.056912064552307129e-01 -5.758215188980102539e-01 1.975522786378860474e-01 -1.017476677894592285e+00 -1.127150416374206543e+00 2.734884619712829590e-01 5.731669068336486816e-01
5.283159017562866211e-01 1.859703510999679565e-01 5.134678259491920471e-02 5.992177128791809082e-01 -6.738713383674621582e-02 5.183353647589683533e-02 -7.469939589500427246e-01 4.107143580913543701e-01 5.517504215240478516e-01 5.077811479568481445e-01 3.648331761360168457e-01 -3.504877984523773193e-01 7.984424382448196411e-02 3.423777222633361816e-01 -9.828598052263259888e-02 -5.634741187095642090e-01
-1.208842396736145020e+00 1.433537244796752930e+00 1.228647828102111816e-01 -2.685895264148712158e-01 -3.720571100711822510e-01 -3.662452995777130127e-01 -1.763075143098831177e-01 2.094131410121917725e-01 6.991697847843170166e-02 1.376437902450561523e+00 2.697500884532928467e-01 -8.881585672497749329e-03 -1.488847732543945312e-01 1.917973309755325317e-01 -4.218812584877014160e-01 -3.965846300125122070e-01
4.372119009494781494e-01 8.703512549400329590e-01 1.625768989324569702e-01 6.704973578453063965e-01 -9.078762531280517578e-01 -1.097853630781173706e-01 -8.992740511894226074e-01 9.539245367050170898e-01 2.237791121006011963e-01 4.329393208026885986e-01 -2.171019464731216431e-01 3.513595759868621826e-01 -4.073832631111145020e-01 -5.157571434974670410e-01 -8.054416775703430176e-01 4.678788036108016968e-02
