3.184312582015991211e-01 -1.250410079956054688e+00 1.903808236122131348e+00 1.710281133651733398e+00 -5.293939635157585144e-02 7.879901528358459473e-01 1.300783157348632812e+00 3.402230739593505859e-01 -3.155839443206787109e-01 -7.500592470169067383e-01 -1.498057603836059570e+00 1.010744690895080566e+00 4.914468228816986084e-01 9.804270267486572266e-01 1.638809219002723694e-02 3.403058350086212158e-01
4.680756628513336182e-01 7.236271351575851440e-02 1.123510479927062988e+00 1.579541325569152832e+00 2.041997015476226807e-02 -6.220968365669250488e-01 2.049161434173583984e+00 6.710090041160583496e-01 -1.638975501060485840e+00 1.221696853637695312e+00 -2.495084285736083984e+00 6.605569720268249512e-01 9.325788617134094238e-01 5.338943004608154297e-01 1.845562011003494263e-01 -7.336997985839843750e-01
-1.008288383483886719e+00 1.114021897315979004e+00 -2.587742805480957031e-01 -5.016221404075622559e-01 -1.249248623847961426e+00 -1.658111214637756348e+00 6.725308299064636230e-01 -1.112218260765075684e+00 9.392172694206237793e-01 1.014932036399841309e+00 2.824062585830688477e+00 -1.829893589019775391e+00 -2.511031150817871094e+00 5.371252298355102539e-01 -1.347486734390258789e+00 -2.020087242126464844e+00
1.130267381668090820e+00 -4.386927187442779541e-01 1.920933723449707031e-01 -9.389700293540954590e-01 8.379280567169189453e-01 -2.130512475967407227e+00 -1.005983948707580566e+00 5.796127319335937500e-01 6.565500497817993164e-01 4.700581431388854980e-01 1.219212532043457031e+00 4.735672175884246826e-01 -5.402812361717224121e-01 -1.077269673347473145e+00 -6.134114265441894531e-01 8.268880844116210938e-02
8.898082971572875977e-01 -9.280480742454528809e-01 1.476667761802673340e+00 1.201089262962341309e+00 -7.217136621475219727e-01 -1.725177645683288574e+00 -1.206129312515258789e+00 -1.508904337882995605e+00 -5.202795863151550293e-01 -3.055046558380126953e+00 -7.323150634765625000e-01 -2.185297489166259766e+00 -2.238451004028320312e+00 -1.934933781623840332e+00 -1.564295291900634766e-01 5.395321249961853027e-01
1.465282082557678223e+00 -1.294816970825195312e+00 -1.535649150609970093e-01 1.472240328788757324e+00 3.283438086509704590e-01 -8.800169825553894043e-01 -5.518443584442138672e-01 -5.806766822934150696e-02 1.350914239883422852e+00 -1.704979896545410156e+00 -1.689802408218383789e-01 -7.115253806114196777e-01 -1.816515922546386719e+00 -1.309588193893432617e+00 8.341392874717712402e-01 1.120373129844665527e+00
1.272063016891479492e+00 -1.960833072662353516e+00 -4.799271523952484131e-01 -3.562836349010467529e-01 -2.152236700057983398e+00 -5.463267564773559570e-01 -2.262627124786376953e+00 9.243419766426086426e-02 -1.036335110664367676e+00 -2.616934776306152344e+00 -1.961999535560607910e+00 2.040067613124847412e-01 -4.584193527698516846e-01 -2.902335405349731445e+00 7.850877642631530762e-01 1.495244026184082031e+00
1.257446885108947754e+00 -1.914269924163818359e-01 1.826264262199401855e+00 4.024357795715332031e-01 2.308752983808517456e-01 7.677364945411682129e-01 1.725423455238342285e+00 1.351971507072448730e+00 1.747298985719680786e-01 -1.266921013593673706e-01 -5.611426830291748047e-01 7.387095689773559570e-01 -4.017726778984069824e-01 1.025546073913574219e+00 2.382186613976955414e-02 2.107926309108734131e-01
1.572613269090652466e-01 -1.746412992477416992e+00 -1.750206351280212402e+00 -1.469051480293273926e+00 -2.808829545974731445e-01 7.743032276630401611e-02 -2.763585090637207031e+00 -3.378933072090148926e-01 -6.656391620635986328e-01 -3.451846122741699219e+00 -2.511032819747924805e+00 -1.091438174247741699e+00 -3.224834442138671875e+00 -2.876361608505249023e+00 -7.296113967895507812e-01 7.511020302772521973e-01
6.884769797325134277e-01 1.410454630851745605e+00 -1.548399448394775391e+00 -2.613739967346191406e-01 -7.188459634780883789e-01 -1.476446866989135742e+00 -8.746320605278015137e-01 -2.370298504829406738e-01 1.645977258682250977e+00 1.055956840515136719e+00 2.797928094863891602e+00 -7.069152593612670898e-01 1.160093322396278381e-01 6.688111424446105957e-01 -9.164316654205322266e-01 -2.328156232833862305e-01
1.877524890005588531e-03 5.629666894674301147e-02 -6.981403231620788574e-01 7.205923646688461304e-02 -4.327849745750427246e-01 4.067260622978210449e-01 -5.656877756118774414e-01 -5.954006314277648926e-01 5.610959529876708984e-01 -1.178761050105094910e-01 9.929824620485305786e-02 3.690164089202880859e-01 1.670663207769393921e-01 2.050471305847167969e-01 -1.392215490341186523e+00 -3.693743795156478882e-02
-7.233064174652099609e-01 1.207918405532836914e+00 1.429912686347961426e+00 1.443434715270996094e+00 -7.806415557861328125e-01 -1.549102187156677246e+00 1.224408507347106934e+00 -3.544676601886749268e-01 1.127865910530090332e+00 8.691712617874145508e-01 1.497954249382019043e+00 -9.955680370330810547e-01 -8.730923533439636230e-01 1.396638631820678711e+00 -9.010975062847137451e-02 -1.921321988105773926e+00
2.037818133831024170e-01 -8.350259661674499512e-01 -4.103462696075439453e-01 6.170566678047180176e-01 -1.818132251501083374e-01 -1.738748073577880859e+00 -4.086031317710876465e-01 -1.243063434958457947e-01 1.489620089530944824e+00 -8.449338078498840332e-01 6.793430447578430176e-01 -1.152637124061584473e+00 -6.531991958618164062e-01 -5.735725909471511841e-02 1.916710257530212402e+00 9.387290477752685547e-01
-8.836793303489685059e-01 -1.558811902999877930e+00 -4.665557444095611572e-01 -4.739657789468765259e-02 -5.841999053955078125e-01 5.061631202697753906e-01 1.716421544551849365e-02 -1.467638760805130005e-01 2.392149344086647034e-02 5.888556838035583496e-01 4.945081099867820740e-02 1.004171729087829590e+00 -1.403236389160156250e+00 -9.627165198326110840e-01 -6.673775911331176758e-01 -7.151602506637573242e-01
-1.072381854057312012e+00 -8.033024668693542480e-01 9.921095967292785645e-01 6.383063197135925293e-01 -1.033913135528564453e+00 4.043357670307159424e-01 -5.533502101898193359e-01 -1.102476239204406738e+00 -1.112458348274230957e+00 -1.199662759900093079e-01 -1.913589119911193848e+00 -9.719070792198181152e-01 -1.094544529914855957e+00 5.185961127281188965e-01 -1.430276751518249512e+00 -1.414618253707885742e+00
-2.592481672763824463e-01 4.671111106872558594e-01 4.208152592182159424e-01 -3.096835017204284668e-01 -1.436928510665893555e+00 -7.426118105649948120e-02 -8.269960284233093262e-01 -1.348471522331237793e+00 9.333278536796569824e-01 -3.047183275222778320e+00 3.421776294708251953e-01 -3.208438396453857422e+00 -1.989273428916931152e+00 -1.252735495567321777e+00 -1.289561748504638672e+00 2.936570048332214355e-01
