-6.296603083610534668e-01 -1.408758878707885742e+00 1.583498954772949219e+00 2.142803192138671875e+00 4.036458730697631836e-01 9.782426357269287109e-01 -4.384836852550506592e-01 -1.996421098709106445e+00 -2.161044597625732422e+00 3.007771372795104980e-01 -1.661137104034423828e+00 2.037509083747863770e-01 3.132610023021697998e-01 5.541802048683166504e-01 1.816384047269821167e-01 8.629006743431091309e-01
-3.125571608543395996e-01 -8.248607516288757324e-01 1.615525603294372559e+00 1.126673698425292969e+00 2.539191961288452148e+00 1.927194237709045410e+00 3.276382982730865479e-01 4.110221266746520996e-01 -9.133000969886779785e-01 1.305900335311889648e+00 -2.133838891983032227e+00 1.886087059974670410e+00 1.060359477996826172e+00 -1.448423266410827637e-01 -5.583685636520385742e-01 -8.505622744560241699e-01
1.866699755191802979e-01 1.723529845476150513e-01 -5.565752983093261719e-01 2.433686852455139160e-01 -8.245929479598999023e-01 2.837032794952392578e+00 -2.726212024688720703e+00 3.082078695297241211e-01 1.554335594177246094e+00 1.334405899047851562e+00 2.050031185150146484e+00 2.595338582992553711e+00 -1.693703889846801758e+00 -2.364902734756469727e+00 3.718989342451095581e-02 -8.327847719192504883e-01
7.610954046249389648e-01 -5.139167308807373047e-01 6.132335960865020752e-02 -1.228929519653320312e+00 1.324355125427246094e+00 1.098306059837341309e+00 1.740346312522888184e+00 2.071681976318359375e+00 -1.265286952257156372e-01 1.280760616064071655e-01 1.089003920555114746e+00 1.187080025672912598e+00 -9.982734322547912598e-01 8.809686303138732910e-01 1.145487666130065918e+00 4.329114258289337158e-01
2.647239923477172852e+00 -1.873910188674926758e+00 -9.564467519521713257e-02 1.133546233177185059e+00 -1.976142048835754395e+00 3.100435256958007812e+00 4.989976435899734497e-02 5.835715532302856445e-01 1.627126455307006836e+00 -1.468300461769104004e+00 -5.666725635528564453e-01 1.813524723052978516e+00 -1.041545748710632324e+00 -1.049191951751708984e+00 -1.009375929832458496e+00 3.459622859954833984e-01
4.366470575332641602e-01 -1.309265017509460449e+00 2.446827292442321777e-01 1.145581364631652832e+00 -3.080889880657196045e-01 -6.711056232452392578e-01 -9.348844885826110840e-01 -1.838124155998229980e+00 3.339920938014984131e-01 -1.047631204128265381e-01 5.036786794662475586e-01 -7.128225564956665039e-01 3.904176354408264160e-01 -5.111615061759948730e-01 3.075871169567108154e-01 1.354442536830902100e-01
1.571756303310394287e-01 -2.642170906066894531e+00 -1.781040132045745850e-01 -8.822409510612487793e-01 -1.450088381767272949e+00 -1.246889591217041016e+00 -2.666244804859161377e-01 -4.281687259674072266e+00 -3.193378210067749023e+00 -8.862274885177612305e-01 -2.903629302978515625e+00 -2.085292577743530273e+00 -5.279828310012817383e-01 -1.821016311645507812e+00 -1.130618929862976074e+00 1.380174160003662109e+00
8.581058382987976074e-01 -7.192009687423706055e-01 1.130162000656127930e+00 8.609375953674316406e-01 1.321952462196350098e+00 3.463658571243286133e+00 1.471772789955139160e+00 1.601118206977844238e+00 -3.439084589481353760e-01 -1.580921001732349396e-03 -1.374049425125122070e+00 2.758856296539306641e+00 -5.181298255920410156e-01 2.945947945117950439e-01 5.815770626068115234e-01 5.298463106155395508e-01
1.046992778778076172e+00 -1.521168470382690430e+00 -1.430033087730407715e+00 -1.521698832511901855e+00 -3.374380350112915039e+00 -2.568127959966659546e-02 -1.441633582115173340e+00 -2.614763736724853516e+00 -1.979621291160583496e+00 -1.313698649406433105e+00 -2.623513936996459961e+00 -1.070332527160644531e+00 -8.526985645294189453e-01 -9.809936881065368652e-01 -2.547421455383300781e-01 4.585658013820648193e-01
9.727753996849060059e-01 1.924110174179077148e+00 -4.821571707725524902e-01 -3.216276690363883972e-02 3.911540657281875610e-02 -1.544521212577819824e+00 1.733351349830627441e+00 -7.926235347986221313e-02 6.753013730049133301e-01 -1.550410687923431396e-01 3.088567733764648438e+00 -4.895351529121398926e-01 -3.355083754286170006e-04 1.726791739463806152e+00 1.337470412254333496e-01 -5.117185115814208984e-01
-9.879712015390396118e-02 -4.650225490331649780e-02 -8.169471025466918945e-01 -3.825799226760864258e-01 8.830137252807617188e-01 -1.433785200119018555e+00 -1.546475768089294434e+00 -1.057423114776611328e+00 -7.730862498283386230e-01 -9.111776947975158691e-03 1.343184560537338257e-01 -5.836428999900817871e-01 -3.746969252824783325e-02 -9.673625230789184570e-01 -6.031703948974609375e-01 2.160167098045349121e-01
3.513825833797454834e-01 4.788448810577392578e-01 7.351732254028320312e-01 1.524351119995117188e+00 -2.289222180843353271e-02 1.904157996177673340e+00 6.674816608428955078e-01 -7.521524280309677124e-02 5.291511416435241699e-01 1.234027743339538574e+00 5.720773339271545410e-01 1.830666184425354004e+00 -8.752312064170837402e-01 6.217547655105590820e-01 -3.467282056808471680e-01 -1.227770209312438965e+00
-1.594687104225158691e-01 -2.051461488008499146e-01 -2.288809418678283691e-01 1.076227903366088867e+00 -4.605683088302612305e-01 -2.106505334377288818e-01 -4.421827793121337891e+00 -7.017527222633361816e-01 8.336593508720397949e-01 -9.090728312730789185e-02 5.050874948501586914e-01 -4.876044392585754395e-01 5.556998252868652344e-01 -2.364836931228637695e+00 1.914669632911682129e+00 7.444678544998168945e-01
-3.018382072448730469e+00 -1.953997611999511719e+00 2.807670533657073975e-01 -4.532434940338134766e-01 -2.024694159626960754e-02 -8.363315463066101074e-01 -7.157979011535644531e-01 -1.896923542022705078e+00 -2.854120254516601562e+00 9.835756421089172363e-01 -7.569020986557006836e-01 -7.773565649986267090e-01 -1.255747556686401367e+00 -5.080971121788024902e-01 -1.517527699470520020e+00 3.739041388034820557e-01
1.788129657506942749e-01 -7.442281842231750488e-01 9.282599091529846191e-01 1.193628311157226562e+00 -1.433854341506958008e+00 2.786509037017822266e+00 4.702344536781311035e-01 -2.306917011737823486e-01 -8.391645550727844238e-01 1.417241692543029785e-01 -1.139077544212341309e+00 1.090657472610473633e+00 -7.088477015495300293e-01 1.915832310914993286e-01 -2.489032506942749023e+00 -9.065610766410827637e-01
4.211659908294677734e+00 -9.395335912704467773e-01 2.645394504070281982e-01 2.442135334014892578e+00 -2.160039901733398438e+00 2.545372486114501953e+00 -2.015770226716995239e-01 2.490263804793357849e-02 1.399047017097473145e+00 -3.017321586608886719e+00 -5.820693448185920715e-03 1.360262393951416016e+00 -5.156946778297424316e-01 -2.127457857131958008e+00 -8.553242683410644531e-01 -2.446359992027282715e-01
