8.980474434792995453e-03 -1.004444122314453125e+00 4.536812007427215576e-01 -3.746065497398376465e-01 1.064450740814208984e+00 -2.270353138446807861e-01 -9.566766619682312012e-01 -1.013575077056884766e+00 -1.647550225257873535e+00 3.863475322723388672e-01 -1.808214902877807617e+00 -4.790421724319458008e-01 1.140139937400817871e+00 -2.446746349334716797e+00 1.371576428413391113e+00 6.824234724044799805e-01
1.277648285031318665e-02 -1.462855786085128784e-01 -4.252950549125671387e-01 7.329229116439819336e-01 -1.202371530234813690e-02 5.225402116775512695e-01 -5.183064341545104980e-01 -6.549285650253295898e-01 -2.950718104839324951e-01 5.206083059310913086e-01 3.811820447444915771e-01 -2.757985293865203857e-01 1.727793931961059570e+00 -1.494409441947937012e-01 8.308661580085754395e-01 3.556649088859558105e-01
4.037945866584777832e-01 -6.088871359825134277e-01 6.176750063896179199e-01 -9.375488162040710449e-01 -8.603955060243606567e-02 -1.875544041395187378e-01 6.653246879577636719e-01 2.309279292821884155e-01 7.065329551696777344e-01 -1.821185797452926636e-01 3.634143993258476257e-02 7.276008129119873047e-01 -9.099084883928298950e-02 5.829407572746276855e-01 -1.128368228673934937e-01 -2.609267830848693848e-01
1.220634803175926208e-01 -4.901315867900848389e-01 6.831671595573425293e-01 8.312453329563140869e-02 4.890414774417877197e-01 1.919043958187103271e-01 1.567163765430450439e-01 5.848245024681091309e-01 3.569980561733245850e-01 1.372580975294113159e-01 1.739630550146102905e-01 2.640528678894042969e-01 1.498859047889709473e+00 -1.868515163660049438e-01 5.823673009872436523e-01 -3.478965759277343750e-01
-8.626779168844223022e-02 4.209001064300537109e-01 -9.894238710403442383e-01 3.326355218887329102e-01 -5.372380018234252930e-01 -4.291769564151763916e-01 -2.332145720720291138e-01 7.879924774169921875e-01 3.670753166079521179e-02 -3.138343989849090576e-01 -1.484530717134475708e-01 -4.157546758651733398e-01 -4.484862387180328369e-01 9.926136136054992676e-01 -3.787396550178527832e-01 -8.496047258377075195e-01
5.839553475379943848e-02 -1.995170265436172485e-01 -9.247269034385681152e-01 -6.466313004493713379e-01 6.600268185138702393e-02 -7.392525672912597656e-01 1.647137403488159180e-01 3.457623124122619629e-01 -4.576240479946136475e-01 -6.870565414428710938e-01 -1.604948639869689941e-01 1.064134716987609863e+00 -3.645652160048484802e-02 5.005167722702026367e-01 -4.455934837460517883e-02 1.920246481895446777e-01
9.573315978050231934e-01 -9.090718030929565430e-01 -3.073081970214843750e-01 3.571080565452575684e-01 2.101966887712478638e-01 -1.040228009223937988e+00 2.178774625062942505e-01 -3.511810302734375000e-01 -3.204477131366729736e-01 1.820479631423950195e-01 1.644213795661926270e-01 -5.146721750497817993e-02 3.230974674224853516e-01 -1.761060595512390137e+00 -1.804834455251693726e-01 7.002628445625305176e-01
2.441496253013610840e-01 6.551545858383178711e-01 2.574501037597656250e-01 8.178215026855468750e-01 -7.280176281929016113e-01 1.566804130561649799e-04 5.747173428535461426e-01 6.130242943763732910e-01 3.423123359680175781e-01 -7.317299246788024902e-01 5.356481298804283142e-02 6.308095157146453857e-02 -1.632494330406188965e-01 1.045013785362243652e+00 1.250005722045898438e+00 1.975183188915252686e-01
6.761039793491363525e-02 -1.534142017364501953e+00 2.385001629590988159e-01 2.159635275602340698e-01 -1.223631143569946289e+00 -1.603895187377929688e+00 -6.043362021446228027e-01 -1.089594006538391113e+00 -1.188089847564697266e+00 -8.944585919380187988e-01 -7.429698705673217773e-01 -1.660902857780456543e+00 -9.196169376373291016e-01 -9.091706871986389160e-01 9.027503728866577148e-01 4.038544595241546631e-01
-7.214812636375427246e-01 3.080540299415588379e-01 -3.701488077640533447e-01 -3.784837722778320312e-01 -1.072017908096313477e+00 7.164108157157897949e-01 1.292460203170776367e+00 1.167943477630615234e+00 -2.236764281988143921e-01 -5.068371295928955078e-01 2.025028467178344727e-01 4.030201137065887451e-01 4.014406353235244751e-02 1.301632523536682129e-01 -2.626793980598449707e-01 4.126265048980712891e-01
-3.492197692394256592e-01 5.017489790916442871e-01 3.425341844558715820e-01 2.331690788269042969e-01 7.489801049232482910e-01 8.062666058540344238e-01 5.357998013496398926e-01 5.375129580497741699e-01 4.652630984783172607e-01 1.513008922338485718e-01 5.241711735725402832e-01 1.256527066230773926e+00 7.038556337356567383e-01 5.329006910324096680e-01 1.392539441585540771e-01 -1.126881003379821777e+00
-3.660751283168792725e-01 -6.498430967330932617e-01 -3.241802453994750977e-01 3.947333991527557373e-01 8.753705024719238281e-01 -7.577326893806457520e-02 -1.242066264152526855e+00 -1.290496945381164551e+00 -1.915582269430160522e-01 3.698399960994720459e-01 4.297367110848426819e-02 -9.648112654685974121e-01 -9.496014565229415894e-02 -9.132170677185058594e-01 -2.461183369159698486e-01 5.033165216445922852e-01
-5.050927028059959412e-02 -1.581046544015407562e-02 1.109245270490646362e-01 2.220961600542068481e-01 -1.125541687011718750e+00 7.335887849330902100e-02 -9.789363741874694824e-01 -1.852939128875732422e+00 -9.868232607841491699e-01 2.424259334802627563e-01 -1.126519680023193359e+00 -2.089970350265502930e+00 -9.628382921218872070e-01 -1.178799867630004883e+00 -1.002232432365417480e+00 5.847368836402893066e-01
-4.784575104713439941e-01 2.887178361415863037e-01 4.984076023101806641e-01 3.931428790092468262e-01 7.226043939590454102e-02 -2.797638177871704102e-01 1.968467384576797485e-01 -2.233139276504516602e-01 1.592757254838943481e-01 7.454239130020141602e-01 6.733803153038024902e-01 2.085979878902435303e-01 2.201497741043567657e-02 -1.490952521562576294e-01 -2.196958512067794800e-01 -4.127163589000701904e-01
-2.837751805782318115e-01 1.155439257621765137e+00 -7.235965132713317871e-01 3.765494376420974731e-02 -3.671122491359710693e-01 -6.218281015753746033e-02 7.014391422271728516e-01 2.508622109889984131e-01 1.569630026817321777e+00 -1.450731754302978516e+00 5.461658835411071777e-01 1.741160005331039429e-01 -5.725674033164978027e-01 1.586911797523498535e+00 -1.763292670249938965e+00 -1.175403237342834473e+00
6.048129498958587646e-02 7.366979122161865234e-01 -2.039245516061782837e-01 2.438154071569442749e-01 -2.089245617389678955e-02 -7.563121616840362549e-02 -1.037324033677577972e-02 5.267478227615356445e-01 6.336715221405029297e-01 -4.599555730819702148e-01 1.128821492195129395e+00 6.783313155174255371e-01 -1.530436515808105469e+00 2.300719469785690308e-01 -2.467635393142700195e+00 -8.205751180648803711e-01
