-7.835974097251892090e-01 2.756221294403076172e-01 -5.665791630744934082e-01 -5.172655582427978516e-01 -2.199314683675765991e-01 -1.062517642974853516e+00 -1.470469981431961060e-01 2.187324501574039459e-02 -1.171484738588333130e-01 -3.952250257134437561e-02 2.802752517163753510e-02 1.075114727020263672e+00 -5.502678155899047852e-01 1.423671841621398926e-01 4.111401736736297607e-01 1.028211593627929688e+00
-6.547426581382751465e-01 -6.281237006187438965e-01 -5.681795999407768250e-02 4.700503945350646973e-01 1.411779642105102539e+00 -7.191583514213562012e-01 2.665064334869384766e-01 -1.238799393177032471e-01 -5.243026614189147949e-01 1.290800124406814575e-01 -3.594393730163574219e-01 -8.688678741455078125e-01 -4.725551903247833252e-01 -2.304677069187164307e-01 8.366200327873229980e-01 -3.117419481277465820e-01
-1.796867549419403076e-01 2.162283062934875488e-01 -4.638602137565612793e-01 1.699498444795608521e-01 -1.040524020791053772e-01 6.397103667259216309e-01 5.317396670579910278e-02 2.514063417911529541e-01 3.373425900936126709e-01 -4.937727451324462891e-01 -1.699865758419036865e-01 4.803929477930068970e-02 8.057273626327514648e-01 -7.498816847801208496e-01 4.809116125106811523e-01 8.356950283050537109e-01
-1.090921163558959961e-01 5.757800936698913574e-01 -3.119573593139648438e-01 -6.851973533630371094e-01 -9.049024432897567749e-02 9.202459454536437988e-01 -7.211037278175354004e-01 3.899068757891654968e-02 8.723109364509582520e-01 3.615681827068328857e-01 6.122672185301780701e-02 -4.080083221197128296e-02 -2.495289593935012817e-01 -4.240164756774902344e-01 3.744282722473144531e-01 3.013542592525482178e-01
1.316904872655868530e-01 3.902400378137826920e-03 5.865322947502136230e-01 2.304423600435256958e-01 -5.773884057998657227e-01 5.410250425338745117e-01 2.265431582927703857e-01 -6.112836301326751709e-02 -5.223665758967399597e-02 9.081508219242095947e-02 -3.769546449184417725e-01 7.886282801628112793e-01 2.220736891031265259e-01 5.859715864062309265e-02 -2.188782095909118652e-01 -4.253914058208465576e-01
-9.558683633804321289e-02 2.240621000528335571e-01 -9.913986921310424805e-01 2.018936276435852051e-01 3.984813988208770752e-01 2.584372162818908691e-01 2.876157164573669434e-01 -2.442872077226638794e-01 2.094136476516723633e-01 -5.256653428077697754e-01 -6.994737777858972549e-03 -5.900226831436157227e-01 -6.891375035047531128e-02 -1.284067183732986450e-01 -4.966453462839126587e-02 7.409878969192504883e-01
-2.439733892679214478e-01 -6.871182471513748169e-02 -3.772779405117034912e-01 1.597489118576049805e-01 7.996027171611785889e-02 7.887360453605651855e-01 -6.237974166870117188e-01 -2.879982888698577881e-01 -4.154095649719238281e-01 -7.926241159439086914e-01 2.066620886325836182e-01 6.471350193023681641e-01 1.206607460975646973e+00 3.109253710135817528e-03 -1.143954694271087646e-01 5.073937773704528809e-01
1.917354166507720947e-01 1.535753607749938965e-01 -2.051474153995513916e-02 -6.076537966728210449e-01 1.359154284000396729e-01 4.832729697227478027e-01 -8.113013207912445068e-02 -3.749501407146453857e-01 2.715290486812591553e-01 1.314406633377075195e+00 4.397473484277725220e-02 2.621570527553558350e-01 2.750431001186370850e-01 -3.900296986103057861e-01 -1.776065081357955933e-01 -5.410918593406677246e-01
9.881959557533264160e-01 1.302746683359146118e-01 4.608823060989379883e-01 2.670659124851226807e-01 -8.856280446052551270e-01 -1.139649868011474609e+00 6.213046982884407043e-02 -1.792004257440567017e-01 2.359227240085601807e-01 -1.245952367782592773e+00 -1.656507998704910278e-01 1.095392346382141113e+00 8.610872626304626465e-01 -2.880105376243591309e-01 7.955254614353179932e-02 -1.634992510080337524e-01
-8.175300359725952148e-01 5.916581153869628906e-01 7.383253574371337891e-01 5.986928343772888184e-01 -4.148635640740394592e-02 9.657726883888244629e-01 1.442519128322601318e-01 1.025598406791687012e+00 8.323319554328918457e-01 1.317005395889282227e+00 3.635323941707611084e-01 -1.470054268836975098e+00 7.483054399490356445e-01 -1.489405632019042969e-01 -7.425208389759063721e-02 2.434880286455154419e-01
-5.961038470268249512e-01 -9.034329652786254883e-01 3.916713893413543701e-01 -5.503556728363037109e-01 1.725686788558959961e+00 9.858955144882202148e-01 -1.376031246036291122e-02 3.431603610515594482e-01 -4.084959030151367188e-01 3.810434937477111816e-01 -5.467849969863891602e-01 -1.467142105102539062e+00 -3.345068395137786865e-01 -1.124298274517059326e-01 3.113819956779479980e-01 -7.688600420951843262e-01
-2.066809833049774170e-01 -3.616905510425567627e-01 -1.673673242330551147e-01 3.386165499687194824e-01 -9.555896371603012085e-02 -3.806012868881225586e-01 1.149666160345077515e-01 4.606568813323974609e-02 6.662382930517196655e-02 -1.270659327507019043e+00 7.491845488548278809e-01 -4.199374318122863770e-01 -3.069998621940612793e-01 2.562213502824306488e-02 -6.234927847981452942e-02 -5.686928704380989075e-02
5.905565619468688965e-01 3.027612864971160889e-01 -6.802528500556945801e-01 -3.948792219161987305e-01 1.911872327327728271e-01 -9.769227504730224609e-01 -8.082671463489532471e-02 -2.853775620460510254e-01 -9.405952692031860352e-01 -2.879754304885864258e-01 -2.772735431790351868e-03 2.151438236236572266e+00 -1.108467504382133484e-01 7.129508852958679199e-01 -6.775046586990356445e-01 4.282736182212829590e-01
-6.534528136253356934e-01 1.874502450227737427e-01 -1.060508117079734802e-01 1.001069918274879456e-01 -1.027691438794136047e-01 7.371424436569213867e-01 -2.054000794887542725e-01 1.456248760223388672e-01 2.193843424320220947e-01 3.468363285064697266e-01 5.171064138412475586e-01 2.155447937548160553e-02 7.992803454399108887e-01 -7.419496774673461914e-01 7.975136637687683105e-01 1.938873082399368286e-01
-2.439546436071395874e-01 -6.972314417362213135e-02 7.588273286819458008e-01 1.275471001863479614e-01 -4.840116202831268311e-01 6.738926172256469727e-01 -6.742869615554809570e-01 5.170648694038391113e-01 5.119699835777282715e-01 -5.712751150131225586e-01 2.780021913349628448e-02 -5.402463674545288086e-01 2.008934319019317627e-01 -3.852480947971343994e-01 2.403876781463623047e-01 1.202283024787902832e+00
9.161335825920104980e-01 1.067554354667663574e-01 9.741709232330322266e-01 -1.035272628068923950e-01 -2.187592685222625732e-01 6.495474576950073242e-01 5.201732516288757324e-01 -6.079018712043762207e-01 -1.524918079376220703e-01 -1.658980548381805420e-01 3.985192775726318359e-01 5.354727506637573242e-01 6.215437054634094238e-01 -1.099512875080108643e-01 -7.856816649436950684e-01 -3.349551260471343994e-01
