2.443206548690795898e+00 -7.719501107931137085e-02 1.755150556564331055e+00 1.563232541084289551e+00 -5.821951031684875488e-01 -4.190420806407928467e-01 1.458044886589050293e+00 -1.002764463424682617e+00 3.825458884239196777e-01 -3.359634056687355042e-02 -1.619902551174163818e-01 1.168306827545166016e+00 -1.002365231513977051e+00 1.217970475554466248e-01 -5.351022630929946899e-02 -6.792324185371398926e-01
-1.277136802673339844e-01 -1.219287872314453125e+00 1.122731089591979980e+00 6.949895024299621582e-01 -3.978610634803771973e-01 -3.002043962478637695e-01 5.546998977661132812e-01 1.849043369293212891e+00 8.497573137283325195e-01 7.751247286796569824e-01 -2.783620655536651611e-01 -2.518495917320251465e-01 -1.196416378021240234e+00 9.698951244354248047e-01 1.351273417472839355e+00 1.120691418647766113e+00
-2.791843652725219727e+00 -5.663635730743408203e-01 4.671294987201690674e-01 -9.564191699028015137e-01 4.738882780075073242e-01 -2.252156972885131836e+00 1.325661092996597290e-01 1.206823945045471191e+00 3.863683938980102539e-01 3.634353578090667725e-01 -5.339683294296264648e-01 -3.134288787841796875e-01 4.970332980155944824e-02 4.344855546951293945e-01 1.361421823501586914e+00 1.432678222656250000e+00
-2.256417989730834961e+00 3.305537402629852295e-01 -1.130410909652709961e+00 -1.836136102676391602e+00 1.851985812187194824e+00 4.243568331003189087e-02 -5.336287617683410645e-01 1.178271621465682983e-01 6.285316944122314453e-01 6.613938212394714355e-01 -9.829180240631103516e-01 -1.069847583770751953e+00 -7.558659911155700684e-01 -7.158157229423522949e-01 7.852832078933715820e-01 1.674983263015747070e+00
-2.514928877353668213e-01 1.273576498031616211e+00 1.834238767623901367e+00 1.426387429237365723e-01 -9.898362755775451660e-01 -1.850844025611877441e-01 -1.157114028930664062e+00 -1.107110738754272461e+00 -2.437758207321166992e+00 -7.460454106330871582e-01 2.729379653930664062e+00 1.059662818908691406e+00 -8.884999155998229980e-01 -5.017588138580322266e-01 -1.079650402069091797e+00 -8.034054636955261230e-01
-2.199376076459884644e-01 1.470682621002197266e+00 -1.182715654373168945e+00 -6.715131998062133789e-01 -1.444482326507568359e+00 -1.132287621498107910e+00 -2.641240358352661133e-01 -1.211304783821105957e+00 -5.635729432106018066e-01 -1.241815909743309021e-01 8.619258403778076172e-01 1.041686892509460449e+00 -2.395436614751815796e-01 -6.032411456108093262e-01 9.328953176736831665e-02 3.957767784595489502e-01
-6.730430722236633301e-01 6.650280952453613281e-01 -1.252537965774536133e+00 -8.366737961769104004e-01 1.148101449012756348e+00 2.154129981994628906e+00 -9.109426736831665039e-01 -4.230183959007263184e-01 -1.270227789878845215e+00 -1.226289510726928711e+00 1.908843994140625000e+00 -1.487713217735290527e+00 -5.639321208000183105e-01 -4.713472351431846619e-02 -9.017025232315063477e-01 2.479933202266693115e-02
-6.832950115203857422e-01 -7.745034992694854736e-02 -2.528735697269439697e-01 1.195617675781250000e+00 6.511493325233459473e-01 1.331987023353576660e+00 3.858433365821838379e-01 8.763422369956970215e-01 8.108530640602111816e-01 5.088070407509803772e-02 -5.384800434112548828e-01 -9.187222123146057129e-01 -7.771546244621276855e-01 1.120039463043212891e+00 8.294832706451416016e-01 3.049192428588867188e-01
2.320140838623046875e+00 1.150426626205444336e+00 -9.825947284698486328e-01 -7.790419459342956543e-01 -6.124193668365478516e-01 1.378557205200195312e+00 -1.044078826904296875e+00 -1.260973572731018066e+00 -2.302845001220703125e+00 -1.083843231201171875e+00 2.531497955322265625e+00 -3.692514300346374512e-01 -7.191789746284484863e-01 -3.402438387274742126e-02 -2.062633752822875977e+00 -9.348363876342773438e-01
-1.532119393348693848e+00 3.316653668880462646e-01 -1.033247232437133789e+00 -1.814255595207214355e+00 1.484676003456115723e+00 1.648330807685852051e+00 -8.174548745155334473e-01 4.794503375887870789e-02 -1.844910830259323120e-01 1.977172642946243286e-01 -1.799979060888290405e-01 -5.425742268562316895e-01 1.151834651827812195e-01 -1.360829710960388184e+00 4.588434398174285889e-01 1.906086921691894531e+00
-5.797032266855239868e-03 -4.335705339908599854e-01 -5.175899863243103027e-01 1.630777418613433838e-01 -5.769491195678710938e-01 -1.123185634613037109e+00 8.950167894363403320e-01 -3.054029643535614014e-01 2.570680081844329834e-01 -4.479567706584930420e-01 -8.407126069068908691e-01 1.092149138450622559e+00 -2.397934719920158386e-02 3.904561102390289307e-01 2.054877281188964844e-01 4.901975095272064209e-01
-1.557107567787170410e-01 7.334097754210233688e-03 1.789221167564392090e+00 4.370047450065612793e-01 -2.614008784294128418e-01 -2.002413272857666016e+00 9.099931716918945312e-01 1.096522808074951172e-01 2.766196429729461670e-01 9.942298531532287598e-01 -4.788224995136260986e-01 6.175580024719238281e-01 6.418366432189941406e-01 4.121638238430023193e-01 8.603438138961791992e-01 -2.333515137434005737e-01
4.830037951469421387e-01 7.636785507202148438e-01 -8.490012586116790771e-02 2.356805801391601562e-01 -9.109691381454467773e-01 -4.684082508087158203e+00 -1.004009366035461426e+00 -9.239014387130737305e-01 -7.804507017135620117e-01 2.091924473643302917e-02 8.079472929239273071e-02 2.966364860534667969e+00 8.770489692687988281e-01 -2.898952364921569824e-01 -3.399490118026733398e-01 -4.829812049865722656e-01
-5.295948386192321777e-01 -5.228090882301330566e-01 2.866805315017700195e+00 1.907793641090393066e+00 -1.674080371856689453e+00 -5.956581830978393555e-01 3.320437192916870117e+00 5.876005291938781738e-01 5.604900717735290527e-01 -2.883836925029754639e-01 -9.480056762695312500e-01 -1.218115568161010742e+00 -8.473296761512756348e-01 1.148588895797729492e+00 8.419449627399444580e-02 1.940164715051651001e-01
4.837111532688140869e-01 1.058630719780921936e-01 6.940801143646240234e-01 6.344995498657226562e-01 -5.617027282714843750e-01 -1.453732550144195557e-01 1.154956698417663574e+00 3.982842862606048584e-01 -7.701767981052398682e-02 3.926165401935577393e-01 4.489724338054656982e-01 1.160742998123168945e+00 -1.056760311126708984e+00 4.574619829654693604e-01 3.652315139770507812e-01 -6.357412934303283691e-01
8.656124770641326904e-02 1.994455307722091675e-01 8.423619866371154785e-01 -7.630816698074340820e-01 -1.432533144950866699e+00 1.671297401189804077e-01 -5.463276505470275879e-01 -2.484327256679534912e-01 -1.805534839630126953e+00 -8.036304712295532227e-01 1.235117316246032715e+00 3.966434299945831299e-02 -3.490395545959472656e-01 -2.348426431417465210e-01 -1.034717440605163574e+00 9.551670402288436890e-02
