3.425650000572204590e-01 -1.668770432472229004e+00 1.879678130149841309e+00
1.664635777473449707e+00 4.386826157569885254e-01 -4.650150537490844727e-01
2.455900907516479492e-01 -1.341516017913818359e+00 -3.750954195857048035e-02
-4.262625053524971008e-02 -2.290223389863967896e-01 3.124746978282928467e-01
-1.321021199226379395e+00 2.124724090099334717e-01 -6.524049043655395508e-01
-1.522995471954345703e+00 -5.759251117706298828e-01 -1.667750775814056396e-01
4.995017871260643005e-02 6.725088953971862793e-01 1.723494648933410645e+00
-1.724577546119689941e+00 -4.339326918125152588e-01 1.499547958374023438e-01
-1.333769798278808594e+00 -1.447368264198303223e-01 4.280504584312438965e-01
-3.408213615417480469e+00 -5.181221961975097656e-01 7.788218259811401367e-01
2.122434616088867188e+00 -2.820131480693817139e-01 -9.329519271850585938e-01
1.976272225379943848e+00 9.057641625404357910e-01 -1.322444528341293335e-01
2.074012994766235352e+00 1.099282145500183105e+00 -7.525738477706909180e-01
-9.308085441589355469e-01 4.971536248922348022e-02 1.041676044464111328e+00
-6.456038355827331543e-01 3.122104704380035400e-01 -1.031217932701110840e+00
-5.584414601325988770e-01 6.867713332176208496e-01 -1.424366831779479980e+00
