3.738459646701812744e-01 3.962286710739135742e-01 3.697409331798553467e-01 -2.259238362312316895e-01 1.019082903861999512e+00 1.005989909172058105e+00 -5.862188339233398438e-01 1.780181169509887695e+00 4.057283103466033936e-01 8.201727271080017090e-02 7.817580699920654297e-01 -5.542039871215820312e-01 8.181026577949523926e-01 -2.447133809328079224e-01 -9.925528168678283691e-01 -5.471272021532058716e-02
-1.257151365280151367e+00 -6.803104281425476074e-01 -7.670257091522216797e-01 -2.095326334238052368e-01 9.652228951454162598e-01 -1.132135868072509766e+00 6.310852766036987305e-01 9.431726932525634766e-01 2.124400615692138672e+00 1.677676737308502197e-01 5.924604460597038269e-02 5.345653295516967773e-01 9.431887865066528320e-01 4.989521801471710205e-01 1.407476663589477539e+00 7.098200321197509766e-01
2.017791010439395905e-02 -3.890065550804138184e-01 -1.675061136484146118e-01 -6.709347963333129883e-01 -1.312100648880004883e+00 -1.869064271450042725e-01 -8.981323987245559692e-02 6.030489206314086914e-01 1.078038454055786133e+00 -1.038989543914794922e+00 -3.382835090160369873e-01 1.002063751220703125e+00 5.369871854782104492e-01 -1.614882051944732666e-01 -2.314131557941436768e-01 -7.620115876197814941e-01
-9.709259271621704102e-01 6.047800779342651367e-01 1.696524500846862793e+00 -9.553579092025756836e-01 1.737158000469207764e-01 1.055675864219665527e+00 2.815605640411376953e+00 1.113997220993041992e+00 -5.969267368316650391e+00 1.223513126373291016e+00 -1.746560037136077881e-01 1.199178934097290039e+00 1.810675024986267090e+00 1.293850183486938477e+00 1.887233257293701172e+00 1.397580027580261230e+00
-7.850179076194763184e-01 6.369040012359619141e-01 -2.048456370830535889e-01 5.966699123382568359e-01 2.381044149398803711e+00 3.156232118606567383e+00 5.925052762031555176e-01 7.130556106567382812e-01 -9.100295901298522949e-01 -1.044506788253784180e+00 -7.604182362556457520e-01 1.400649905204772949e+00 -2.757613658905029297e-01 -7.844371795654296875e-01 1.271961331367492676e+00 -1.804289817810058594e+00
-5.628408789634704590e-01 -8.868182897567749023e-01 -4.780746102333068848e-01 -8.031301498413085938e-01 -1.076529622077941895e+00 -9.271281957626342773e-01 -2.090058326721191406e+00 3.620792031288146973e-01 4.729797691106796265e-02 -4.079384356737136841e-02 2.058738023042678833e-01 -1.316374301910400391e+00 -7.105115652084350586e-01 1.080598354339599609e+00 -2.577615499496459961e+00 1.558870315551757812e+00
-2.203886270523071289e+00 3.195061385631561279e-01 2.604630589485168457e-01 2.551037788391113281e+00 -7.635669708251953125e-01 -5.868511199951171875e-01 -1.888785809278488159e-01 4.108027815818786621e-01 -1.503662109375000000e+00 4.875072240829467773e-01 2.732864856719970703e+00 6.498632431030273438e-01 2.111943960189819336e+00 -9.390320777893066406e-01 1.046896100044250488e+00 -3.105330467224121094e-01
6.116391420364379883e-01 1.334480881690979004e+00 1.126118749380111694e-01 -8.746094256639480591e-02 1.036353316158056259e-02 2.219280749559402466e-01 -1.116572380065917969e+00 2.857841923832893372e-02 -9.823104143142700195e-01 -2.079516649246215820e-01 -9.548432826995849609e-01 1.221414685249328613e+00 1.079490184783935547e+00 5.639088153839111328e-01 2.416658215224742889e-02 2.618189454078674316e-01
8.647651672363281250e-01 1.715615987777709961e-01 1.880823969841003418e+00 1.020042300224304199e+00 1.645568370819091797e+00 5.880845785140991211e-01 -2.144694805145263672e+00 1.908054590225219727e+00 -2.172552347183227539e+00 3.047051191329956055e+00 9.721611738204956055e-01 -2.116639763116836548e-01 6.842243075370788574e-01 -2.450654953718185425e-01 -1.869288682937622070e+00 1.248655468225479126e-01
-1.361249327659606934e+00 -1.964634507894515991e-01 -2.720807492733001709e-01 2.053409814834594727e+00 -1.586539983749389648e+00 9.422719478607177734e-01 4.336066544055938721e-01 -1.200002193450927734e+00 2.242943286895751953e+00 -2.009053826332092285e-01 2.078958511352539062e+00 7.941887974739074707e-01 -4.114763736724853516e-01 -1.352373242378234863e+00 -1.146008610725402832e+00 1.020272374153137207e+00
-2.688264250755310059e-01 -8.108190894126892090e-01 7.541037350893020630e-02 1.281600356101989746e+00 7.309483885765075684e-01 5.781614184379577637e-01 -1.925287127494812012e+00 3.183602988719940186e-01 -1.481924414634704590e+00 5.426353812217712402e-01 9.129791855812072754e-01 -5.454360842704772949e-01 1.812718063592910767e-01 -2.010504961013793945e+00 -1.832435369491577148e+00 -1.314940333366394043e+00
2.450707674026489258e+00 1.403701305389404297e+00 -5.181508660316467285e-01 7.833069562911987305e-01 4.832777380943298340e-01 8.800929039716720581e-02 9.418450593948364258e-01 2.058981657028198242e-01 6.327899098396301270e-01 2.451735019683837891e+00 1.654150962829589844e+00 -1.687475800514221191e+00 1.732922196388244629e+00 1.666843771934509277e+00 1.972962737083435059e+00 -1.909955382347106934e+00
1.854553461074829102e+00 -1.972654223442077637e+00 7.866738438606262207e-01 -1.011247038841247559e+00 -2.103534460067749023e+00 4.663414061069488525e-01 -1.887603998184204102e+00 2.889634072780609131e-01 -2.322032213211059570e+00 1.080646276473999023e+00 1.066977381706237793e+00 -1.586784482002258301e+00 -7.229756712913513184e-01 5.877292752265930176e-01 1.320250868797302246e+00 -1.858879566192626953e+00
-1.129297390580177307e-01 1.256335377693176270e+00 -1.491303682327270508e+00 -3.209306955337524414e+00 -1.382341861724853516e+00 2.733726799488067627e-02 9.087367057800292969e-01 -4.302481114864349365e-01 2.789740264415740967e-01 1.346880942583084106e-01 7.926163077354431152e-01 -1.677340865135192871e-01 1.928661912679672241e-01 -2.906017601490020752e-01 7.048708796501159668e-01 -2.639886140823364258e+00
3.347118198871612549e-02 -5.592004656791687012e-01 -8.477864861488342285e-01 8.200144171714782715e-01 1.598929286003112793e+00 -2.266181230545043945e+00 -2.641460895538330078e-01 -1.501016139984130859e+00 5.844991803169250488e-01 7.690187692642211914e-01 -7.972332090139389038e-02 1.629872441291809082e+00 -4.846569597721099854e-01 -1.768412292003631592e-01 2.146276950836181641e+00 1.383119821548461914e+00
1.447285294532775879e+00 -1.394736170768737793e+00 6.838135719299316406e-01 -7.341330647468566895e-01 -1.483802676200866699e+00 9.319986701011657715e-01 -2.338190972805023193e-01 -1.390264987945556641e+00 -2.477635383605957031e+00 -1.168921470642089844e+00 6.858981251716613770e-01 6.932747364044189453e-01 -1.185307465493679047e-02 1.904157400131225586e-01 -4.531643390655517578e-01 5.892570614814758301e-01
