1.530422806739807129e+00 -2.218591451644897461e+00 1.758372426033020020e+00 -1.627801537513732910e+00 2.878258705139160156e+00 7.713245693594217300e-03 9.917234629392623901e-02 -1.599822789430618286e-01 -1.443596959114074707e+00 1.530036568641662598e+00 -2.825191497802734375e+00 1.107689261436462402e+00 1.342200398445129395e+00 8.814661502838134766e-01 6.198256611824035645e-01 7.370573878288269043e-01
1.586314082145690918e+00 6.754000186920166016e-01 3.796594142913818359e-01 4.318280816078186035e-01 -2.285531312227249146e-01 6.014158129692077637e-01 2.831911742687225342e-01 -1.273541927337646484e+00 2.348905056715011597e-02 -1.584967017173767090e+00 4.260602891445159912e-01 7.585454583168029785e-01 6.981983780860900879e-01 1.455042839050292969e+00 -7.513035535812377930e-01 4.774734973907470703e-01
-1.415308237075805664e+00 -5.204014107584953308e-02 3.069985210895538330e-01 1.126473546028137207e+00 2.172777891159057617e+00 -1.703363299369812012e+00 2.586450338363647461e+00 -4.857439696788787842e-01 -1.419354438781738281e+00 -2.178567409515380859e+00 1.661124587059020996e+00 -3.082279205322265625e+00 4.119201004505157471e-01 4.001546382904052734e+00 -1.068059682846069336e+00 2.860454320907592773e+00
-1.169729709625244141e+00 1.589710593223571777e+00 2.934831380844116211e+00 -1.516054272651672363e-01 9.496933221817016602e-01 9.173952937126159668e-01 -1.276047825813293457e+00 -9.938659071922302246e-01 -1.015084609389305115e-01 -3.302557393908500671e-02 -8.293570280075073242e-01 -1.508583664894104004e+00 9.627586603164672852e-01 3.499205112457275391e+00 5.398076176643371582e-01 5.884239673614501953e-01
6.164993047714233398e-01 6.037296652793884277e-01 2.900177240371704102e-01 -1.741442799568176270e+00 -1.579126596450805664e+00 -3.246581852436065674e-01 -2.362298488616943359e+00 3.495369195938110352e+00 -1.428565979003906250e+00 -2.340118408203125000e+00 -1.968217134475708008e+00 -1.290842294692993164e+00 -9.337889552116394043e-01 1.964373886585235596e-01 5.096023902297019958e-02 2.085573375225067139e-01
-1.070205211639404297e+00 8.637787103652954102e-01 -4.909014105796813965e-01 1.771470606327056885e-01 2.282934904098510742e+00 6.513822674751281738e-01 8.161756396293640137e-01 1.452620148658752441e+00 -2.655547261238098145e-01 -5.310003161430358887e-01 -3.855186402797698975e-01 1.878438144922256470e-01 1.893573641777038574e+00 1.624227881431579590e+00 -2.675837278366088867e+00 3.130640983581542969e-01
2.739376306533813477e+00 1.151925325393676758e+00 5.828656196594238281e+00 -8.701826930046081543e-01 -4.393738269805908203e+00 -1.203626155853271484e+00 -1.283767461776733398e+00 5.860827445983886719e+00 -1.417063832283020020e+00 2.953470945358276367e-01 4.553740501403808594e+00 -1.714355647563934326e-01 -9.816841483116149902e-01 -6.754958629608154297e-02 3.743350028991699219e+00 8.718892931938171387e-01
4.173418045043945312e+00 -1.679636716842651367e+00 -2.619920492172241211e+00 3.127795696258544922e+00 -2.667737007141113281e-01 1.700983285903930664e+00 -5.723290920257568359e+00 1.197327136993408203e+00 1.625013351440429688e+00 -3.952235698699951172e+00 -6.893663406372070312e-01 -1.750352978706359863e+00 7.572157979011535645e-01 2.314187526702880859e+00 -2.361199855804443359e+00 -2.858032703399658203e+00
2.560943603515625000e+00 -1.608460426330566406e+00 -3.382712602615356445e+00 2.415910720825195312e+00 -4.001788139343261719e+00 2.069695591926574707e-01 4.971630275249481201e-01 5.727746009826660156e+00 -1.151200294494628906e+00 -8.269834518432617188e+00 -1.003828620910644531e+01 -8.760936260223388672e-01 1.691234707832336426e+00 -2.932065010070800781e+00 1.732917428016662598e+00 7.803154468536376953e+00
-1.678349494934082031e+00 3.574034452438354492e+00 6.914620399475097656e-01 -2.023700952529907227e+00 1.954038739204406738e-01 6.815754771232604980e-01 1.130231499671936035e+00 -1.131770491600036621e+00 1.042074263095855713e-01 9.906888604164123535e-01 -2.878335952758789062e+00 -5.183318614959716797e+00 -1.011827707290649414e+00 -1.061517119407653809e+00 1.763697028160095215e+00 2.309550523757934570e+00
-5.465342998504638672e-01 4.834209978580474854e-01 -3.919282197952270508e+00 1.831018805503845215e+00 -8.653496503829956055e-01 3.063619375228881836e+00 -2.695942401885986328e+00 5.207490921020507812e+00 -9.299541711807250977e-01 -1.940306067466735840e+00 -2.023748308420181274e-01 -2.819837570190429688e+00 4.391513347625732422e+00 -7.496116161346435547e-01 2.623900413513183594e+00 8.514330983161926270e-01
