1.478101372718811035e+00 -3.695553839206695557e-01 -1.597736001014709473e+00 -1.380274772644042969e+00 3.989302873611450195e+00 1.220201373100280762e+00 4.690912663936614990e-01 7.614113092422485352e-01 -8.144973516464233398e-01 3.795580267906188965e-01 4.024358093738555908e-01 3.061322867870330811e-01 -4.053975343704223633e-01 -1.396092891693115234e+00 -5.935984253883361816e-01 -9.423776715993881226e-02
-4.238584637641906738e-02 1.064509272575378418e+00 -1.616991162300109863e-01 -5.683974623680114746e-01 -4.767116606235504150e-01 3.940134048461914062e-01 -1.506626307964324951e-01 1.833760976791381836e+00 1.375347614288330078e+00 6.703165769577026367e-01 7.207579612731933594e-01 -3.611724376678466797e-01 3.188298642635345459e-01 5.597094297409057617e-01 -3.022492863237857819e-02 -3.105336725711822510e-01
-2.196401596069335938e+00 2.073187351226806641e+00 1.517405271530151367e+00 2.493612170219421387e-01 3.440727472305297852e+00 -3.812335729598999023e+00 4.592957973480224609e+00 5.864620804786682129e-01 -1.345746159553527832e+00 1.529860854148864746e+00 9.863150715827941895e-01 1.982409358024597168e+00 -1.623819768428802490e-01 3.903756380081176758e+00 -1.587820649147033691e+00 1.158200740814208984e+00
6.380951404571533203e-01 1.658374547958374023e+00 -8.961733579635620117e-01 -2.440573871135711670e-01 -1.977916240692138672e+00 6.418415904045104980e-01 -1.717641949653625488e+00 -1.338069796562194824e+00 2.355753183364868164e+00 2.573456466197967529e-01 7.585258483886718750e-01 8.272237777709960938e-01 -5.568546652793884277e-01 4.475963413715362549e-01 5.116707682609558105e-01 5.250635147094726562e-01
1.309765458106994629e+00 -7.207111120223999023e-01 -6.654019951820373535e-01 -3.078100919723510742e+00 9.091269373893737793e-01 -9.448531270027160645e-01 6.939058899879455566e-01 3.382618665695190430e+00 2.852438688278198242e+00 -1.932760477066040039e+00 -6.317004561424255371e-01 -4.015865176916122437e-02 -1.879993915557861328e+00 5.267522856593132019e-02 3.440712094306945801e-01 1.937067322432994843e-02
-2.487245500087738037e-01 2.976231813430786133e+00 -2.157706469297409058e-01 -9.370749592781066895e-01 9.137718081474304199e-01 -1.555194854736328125e-01 7.259074449539184570e-01 -8.349391818046569824e-01 2.390892654657363892e-01 -4.396209120750427246e-01 5.756590962409973145e-01 -2.771065533161163330e-01 1.614426493644714355e+00 -3.287713527679443359e-01 -1.164192676544189453e+00 5.251768231391906738e-01
3.235941171646118164e+00 1.848677039146423340e+00 5.634384632110595703e+00 -1.040266871452331543e+00 -1.237690925598144531e+00 2.279282957315444946e-01 8.067924380302429199e-01 2.984307765960693359e+00 4.394374489784240723e-01 -7.296364307403564453e-01 5.365367412567138672e+00 4.716038107872009277e-01 1.991363525390625000e+00 3.061670958995819092e-01 3.382721900939941406e+00 2.521217823028564453e+00
3.862177133560180664e+00 -6.172842979431152344e-01 1.998812556266784668e+00 4.149261474609375000e+00 -9.711486697196960449e-01 3.557156801223754883e+00 -1.124741196632385254e+00 2.309323787689208984e+00 9.784238934516906738e-01 -8.952174782752990723e-01 1.453731298446655273e+00 6.171090006828308105e-01 1.436407566070556641e+00 1.915010213851928711e+00 -6.959085166454315186e-02 -1.832066178321838379e+00
4.384548664093017578e+00 -7.856806278228759766e+00 -2.064600467681884766e+00 2.931596517562866211e+00 -3.017850160598754883e+00 -3.689012303948402405e-02 3.436011970043182373e-01 1.374065399169921875e+00 -6.204565763473510742e-01 -7.135117053985595703e+00 -8.212574005126953125e+00 -9.857297539710998535e-01 4.171470701694488525e-01 -7.498860955238342285e-01 3.574051856994628906e+00 3.115631818771362305e+00
3.404899358749389648e+00 2.758294939994812012e-01 -2.953834235668182373e-01 -4.375865936279296875e+00 1.999805688858032227e+00 -5.455679893493652344e-01 1.684583544731140137e+00 -1.814746499061584473e+00 3.446217298507690430e+00 -6.330842375755310059e-01 5.303252935409545898e-01 -4.926097869873046875e+00 -3.190016508102416992e+00 -1.454983949661254883e+00 1.713044404983520508e+00 1.414036989212036133e+00
1.258090734481811523e+00 -3.397317647933959961e+00 1.463956713676452637e+00 3.204334497451782227e+00 2.332329750061035156e+00 2.127888917922973633e+00 3.129990339279174805e+00 5.026087164878845215e-01 2.137871503829956055e+00 1.224791049957275391e+00 -3.249498605728149414e+00 3.421011269092559814e-01 -1.578406929969787598e+00 -2.514559507369995117e+00 2.869613885879516602e+00 -1.674498796463012695e+00
