-2.636006593704223633e+00 -4.423932433128356934e-01 4.769562482833862305e-01 -8.438176512718200684e-01 3.516616523265838623e-01 -1.109055399894714355e+00 3.871449232101440430e-01 -3.931842446327209473e-01 -3.586621761322021484e+00 3.959585726261138916e-01 2.956480979919433594e-01 -1.801004409790039062e+00 -8.215553164482116699e-01 -5.653014183044433594e-01 -1.039856910705566406e+00 -1.456463932991027832e-01
-1.610678285360336304e-01 1.052643418312072754e+00 3.163716793060302734e-01 7.332094311714172363e-01 8.533418178558349609e-01 -7.835273742675781250e-01 -2.488622069358825684e-01 -1.538763403892517090e+00 3.505217432975769043e-01 -7.239234447479248047e-01 -2.114716291427612305e+00 -1.544344574213027954e-01 3.120136857032775879e-01 9.067008644342422485e-02 -5.326606631278991699e-01 5.255448818206787109e-02
3.231617510318756104e-01 6.764407157897949219e-01 -1.235260009765625000e+00 1.162177085876464844e+00 7.321907281875610352e-01 1.706469893455505371e+00 -6.749548316001892090e-01 -1.867615729570388794e-01 1.757471442222595215e+00 4.720868110656738281e+00 -2.751368999481201172e+00 2.052788972854614258e+00 1.657430410385131836e+00 3.513772726058959961e+00 6.656764745712280273e-01 1.273961663246154785e+00
-3.715287521481513977e-02 -1.631268411874771118e-01 4.669888019561767578e-01 1.080156683921813965e+00 1.055826306343078613e+00 3.259543776512145996e-01 -5.964602828025817871e-01 -3.838600963354110718e-02 4.491939246654510498e-01 -2.167839527130126953e+00 4.729869365692138672e-01 -1.977577805519104004e+00 -7.458311319351196289e-02 -2.631461918354034424e-01 -3.353792130947113037e-01 -1.117240071296691895e+00
-2.578996419906616211e+00 2.028121650218963623e-01 -1.966295361518859863e+00 -1.012970089912414551e+00 1.565238237380981445e-01 -2.163830757141113281e+00 -2.312894821166992188e+00 -5.471961021423339844e+00 -6.782146930694580078e+00 5.050544738769531250e-01 4.841455817222595215e-01 -1.742402791976928711e+00 -1.815302491188049316e+00 -3.753356039524078369e-01 4.725258052349090576e-01 -1.685584425926208496e+00
8.053236007690429688e+00 -5.099601745605468750e-01 -1.445736289024353027e-01 -1.507457494735717773e+00 5.329343080520629883e-01 2.154169082641601562e+00 4.231099188327789307e-01 9.189879298210144043e-01 3.087297201156616211e+00 8.249486088752746582e-01 -3.018299937248229980e-01 -6.745838522911071777e-01 1.697761178016662598e+00 9.828405976295471191e-01 3.774284124374389648e+00 9.882057905197143555e-01
8.641610145568847656e+00 -3.979852795600891113e-02 -2.725933194160461426e-01 -4.566605567932128906e+00 1.176160876639187336e-03 1.209155082702636719e+01 -4.857955276966094971e-01 -3.596575260162353516e+00 -2.444940805435180664e+00 3.831090927124023438e+00 -7.150552868843078613e-01 -3.055880032479763031e-02 1.350660204887390137e+00 2.460156440734863281e+00 -2.139509618282318115e-01 -1.040544390678405762e+00
-4.404919147491455078e+00 -1.606547594070434570e+00 -5.210641026496887207e-01 5.287029266357421875e+00 -1.432746529579162598e+00 -6.193153381347656250e+00 -9.611743688583374023e-01 -1.966738224029541016e+00 -1.557698965072631836e+00 1.862342119216918945e+00 -3.846925735473632812e+00 1.524313449859619141e+00 -1.558765888214111328e+00 -2.717725276947021484e+00 2.705706954002380371e-01 6.108562350273132324e-01
8.590081930160522461e-01 -4.365862846374511719e+00 5.047459125518798828e+00 -4.652666568756103516e+00 -2.181445884704589844e+01 -2.698446623980998993e-02 -8.254543304443359375e+00 -2.689689099788665771e-01 4.220177531242370605e-01 -3.696608066558837891e+00 6.339623928070068359e+00 -5.436211228370666504e-01 4.885760784149169922e+00 -9.752778410911560059e-01 -5.710518836975097656e+00 7.130973815917968750e+00
-1.818097710609436035e+00 6.697010040283203125e+00 -2.726759433746337891e+00 -1.390444755554199219e+00 2.774204909801483154e-01 4.987648963928222656e+00 1.232926025986671448e-01 -3.237704515457153320e+00 -4.984907150268554688e+00 5.772706270217895508e-01 -5.249034166336059570e-01 5.444758892059326172e+00 -2.428620010614395142e-01 1.347927898168563843e-01 -6.597487330436706543e-01 -7.283811569213867188e+00
1.689330816268920898e+00 -1.091770887374877930e+00 -3.302435874938964844e+00 2.482990503311157227e+00 -1.298521757125854492e-01 -2.797680906951427460e-02 1.151196360588073730e+00 1.000033974647521973e+00 1.636970877647399902e+00 1.335637927055358887e+00 -4.833559036254882812e+00 -7.493100762367248535e-01 2.514416694641113281e+00 2.250809907913208008e+00 -1.840316891670227051e+00 -1.357786417007446289e+00
