-1.081084609031677246e+00 -1.642912030220031738e+00 -1.381925582885742188e+00 -7.160080075263977051e-01 -1.668095588684082031e-01 -1.892540097236633301e+00 -1.158446073532104492e+00 -1.286255121231079102e+00 -1.102407097816467285e+00 -7.371131777763366699e-01 -1.046820163726806641e+00 -1.437397003173828125e+00 1.125244379043579102e+00 2.805918455123901367e-01 4.772414267063140869e-01 -5.239775180816650391e-01
-1.541121751070022583e-01 4.518977403640747070e-01 -1.236015677452087402e+00 -2.085908651351928711e-01 -2.264553070068359375e+00 4.470417201519012451e-01 -1.219389915466308594e+00 -1.133540868759155273e+00 -5.827991962432861328e-01 -7.844104766845703125e-01 -5.173971056938171387e-01 -2.321650683879852295e-01 -3.693639636039733887e-01 5.483798384666442871e-01 -9.150866270065307617e-01 -1.030536651611328125e+00
-3.426238059997558594e+00 2.618884801864624023e+00 6.787835359573364258e-01 2.519450902938842773e+00 -2.541379332542419434e-01 -1.052634716033935547e+00 -5.670016631484031677e-02 7.572851181030273438e-01 -2.030513763427734375e+00 1.154468536376953125e+00 2.650214910507202148e+00 -3.096905469894409180e+00 -3.604805171489715576e-01 -1.977930307388305664e+00 -4.527666270732879639e-01 1.419295430183410645e+00
5.799213051795959473e-01 1.165595293045043945e+00 5.864095091819763184e-01 -4.322295486927032471e-01 -1.608133688569068909e-02 -4.806807339191436768e-01 1.436682939529418945e+00 -2.895154058933258057e-01 1.013672053813934326e-01 -2.926265001296997070e-01 1.172194123268127441e+00 -1.015516996383666992e+00 1.175962314009666443e-01 1.172174692153930664e+00 -2.202683925628662109e+00 1.525111794471740723e+00
-6.317694783210754395e-01 -2.296035051345825195e+00 -3.254735171794891357e-01 -4.404267966747283936e-01 -2.012397527694702148e+00 -6.498669981956481934e-01 -4.389147460460662842e-01 -1.406200677156448364e-01 -2.379237115383148193e-01 -1.475369185209274292e-01 -1.154994845390319824e+00 -1.326867580413818359e+00 -1.096829056739807129e+00 -2.084856986999511719e+00 3.522318899631500244e-01 -1.313653826713562012e+00
-6.222737431526184082e-01 -2.690343618392944336e+00 -5.832456946372985840e-01 3.657136857509613037e-01 -1.391756415367126465e+00 -6.697605252265930176e-01 -7.395516633987426758e-01 3.039006590843200684e-01 -4.286202788352966309e-01 -1.881578207015991211e+00 -1.103333353996276855e+00 -1.366230368614196777e+00 -1.225520372390747070e+00 -2.533045530319213867e+00 4.014698863029479980e-01 -1.220913648605346680e+00
-6.485204398632049561e-02 -1.284976124763488770e+00 -3.751157820224761963e-01 -3.826822042465209961e+00 -1.293368339538574219e+00 -3.707513093948364258e+00 -2.157342433929443359e+00 -1.825965344905853271e-01 1.141769528388977051e+00 -2.051990509033203125e+00 7.902167439460754395e-01 -1.446261852979660034e-01 -1.838906049728393555e+00 1.886545777320861816e+00 2.939224839210510254e-01 -4.521677792072296143e-01
4.149263381958007812e+00 -5.626227855682373047e+00 2.106312990188598633e+00 1.703755140304565430e+00 1.496156603097915649e-01 -4.044604301452636719e+00 -3.015028953552246094e+00 1.244641304016113281e+00 3.057857453823089600e-01 -5.153246521949768066e-01 9.506906270980834961e-01 -5.375252366065979004e-01 -4.023575410246849060e-02 -4.590022563934326172e-01 -4.458759427070617676e-01 -2.261403799057006836e+00
1.404879808425903320e+00 4.070601463317871094e+00 -6.825904369354248047e+00 -3.204904794692993164e+00 -2.583908319473266602e+00 -2.961305379867553711e+00 -5.673334598541259766e+00 -1.707263469696044922e+00 -2.336015701293945312e+00 -8.122906684875488281e+00 -7.732283592224121094e+00 3.076106548309326172e+00 2.959978103637695312e+00 -6.101924896240234375e+00 9.431739449501037598e-01 -7.210534214973449707e-01
-2.488632053136825562e-01 6.944103240966796875e-01 6.589043736457824707e-01 7.766219377517700195e-01 -1.264745473861694336e+00 -2.861916542053222656e+00 -1.851298332214355469e+00 -1.371161341667175293e+00 -5.664437413215637207e-01 -1.147845387458801270e+00 -4.051755666732788086e-01 -5.360764980316162109e+00 -2.878674745559692383e+00 -4.166910946369171143e-01 -8.553799390792846680e-01 1.346093714237213135e-01
-1.516529321670532227e+00 4.381527900695800781e-01 2.617778062820434570e+00 5.276771783828735352e-01 -6.411890983581542969e-01 1.478375196456909180e+00 7.863218337297439575e-02 -1.338050603866577148e+00 -2.459624767303466797e+00 1.816269278526306152e+00 3.490469455718994141e+00 -7.833136916160583496e-01 2.904275357723236084e-01 -1.348366618156433105e+00 1.758566945791244507e-01 -2.517125606536865234e+00
