-9.045141339302062988e-01 6.015949323773384094e-02 -6.910665631294250488e-01 -9.999511241912841797e-01 4.319325089454650879e-01 4.691089689731597900e-01 9.958530217409133911e-02 -6.233345866203308105e-01 1.059323176741600037e-01 -6.122750639915466309e-01 -4.031917154788970947e-01 -1.340947747230529785e+00 -6.927011609077453613e-01 -1.080315589904785156e+00 -4.371930360794067383e-01 2.168077379465103149e-01
-4.750048220157623291e-01 3.323848247528076172e-01 -9.064754843711853027e-01 6.335911750793457031e-01 1.405048072338104248e-01 1.524274349212646484e+00 -2.978997230529785156e-01 9.229237437248229980e-01 1.146398544311523438e+00 -7.483554482460021973e-01 3.121830523014068604e-01 1.365257501602172852e-01 9.192525148391723633e-01 -1.065574169158935547e+00 7.828943133354187012e-01 -8.859304189682006836e-01
1.182320237159729004e+00 -5.869569256901741028e-02 1.469085812568664551e-01 -7.429428696632385254e-01 -3.515381813049316406e-01 -5.411928296089172363e-01 2.728040218353271484e-01 -8.738649487495422363e-01 6.540801525115966797e-01 -1.148859977722167969e+00 1.322305295616388321e-02 1.968719601631164551e+00 9.788951873779296875e-01 -2.706326484680175781e+00 5.623773336410522461e-01 -4.560171365737915039e-01
8.090415596961975098e-01 3.129725903272628784e-02 4.744625389575958252e-01 -4.108731448650360107e-01 -2.657797098159790039e+00 1.918597221374511719e-01 -7.377552390098571777e-01 5.476833581924438477e-01 1.476749300956726074e+00 6.617920398712158203e-01 -7.431696653366088867e-01 3.775564953684806824e-02 -9.935184121131896973e-01 2.173831939697265625e+00 5.042142868041992188e-01 9.300911426544189453e-01
5.389217138290405273e-01 -2.754411697387695312e-01 -1.254930734634399414e+00 -3.424326181411743164e-01 -5.411622524261474609e-01 3.987719118595123291e-01 7.739217281341552734e-01 3.475371897220611572e-01 -1.624696016311645508e+00 -2.976108193397521973e-01 -1.097556352615356445e+00 -1.681041598320007324e+00 9.331194758415222168e-01 -3.495192050933837891e+00 2.168107509613037109e+00 5.048252940177917480e-01
-2.858337759971618652e-01 -1.195329800248146057e-01 4.703252017498016357e-02 3.284453153610229492e-01 -1.011148452758789062e+00 -5.947515740990638733e-02 -1.768227964639663696e-01 -1.444486141204833984e+00 8.800158500671386719e-01 -4.294520244002342224e-02 1.882224529981613159e-01 9.578200578689575195e-01 4.549430608749389648e-01 1.434838652610778809e+00 -4.106568992137908936e-01 -9.235829114913940430e-01
-4.861233532428741455e-01 1.032482862472534180e+00 4.999616146087646484e-01 1.976405620574951172e+00 -5.832272171974182129e-01 4.324405640363693237e-02 -1.295555531978607178e-01 1.331331729888916016e+00 -1.042648106813430786e-01 -8.006110787391662598e-01 1.720204472541809082e+00 -2.965825498104095459e-01 1.115929186344146729e-01 -2.489475727081298828e+00 4.000445902347564697e-01 -9.304721653461456299e-02
-2.370559871196746826e-01 4.553448855876922607e-01 3.591137230396270752e-01 -9.031378626823425293e-01 8.860891461372375488e-01 -1.993789672851562500e-01 2.709267437458038330e-01 -2.120777778327465057e-02 -3.578703105449676514e-01 -1.050587773323059082e+00 -1.171589014120399952e-03 3.795801848173141479e-02 5.976349115371704102e-01 -1.972516894340515137e+00 4.156495332717895508e-01 1.337961435317993164e+00
4.853094518184661865e-01 7.211889624595642090e-01 -5.172576904296875000e-01 -1.927024960517883301e+00 2.552273988723754883e+00 -1.276695370674133301e+00 2.993533313274383545e-01 2.574942111968994141e-01 -1.870569467544555664e+00 2.059145927429199219e+00 6.639851927757263184e-01 -5.635005831718444824e-01 2.606732130050659180e+00 -1.521266579627990723e+00 4.748878180980682373e-01 1.677575111389160156e+00
-1.828002691268920898e+00 1.196923851966857910e-01 3.422983884811401367e-01 2.664801120758056641e+00 1.768771290779113770e+00 5.293787717819213867e-01 2.492840290069580078e+00 7.602987885475158691e-01 2.918032884597778320e+00 1.357372760772705078e+00 1.252812504768371582e+00 4.391904771327972412e-01 -2.941927611827850342e-01 2.259501457214355469e+00 -2.122121810913085938e+00 -1.328981876373291016e+00
5.461913533508777618e-03 8.697013854980468750e-01 -1.970599174499511719e+00 3.730451315641403198e-02 -1.654840588569641113e+00 7.588648796081542969e-01 -7.981534600257873535e-01 9.014819860458374023e-01 -2.276885658502578735e-01 -1.735937744379043579e-01 9.667716026306152344e-01 -1.433999687433242798e-01 3.884133100509643555e-01 -2.772814750671386719e+00 -1.606953382492065430e+00 1.012421488761901855e+00
4.930730462074279785e-01 1.773174405097961426e-01 8.381143808364868164e-01 -1.414179921150207520e+00 -1.239614009857177734e+00 -4.213931560516357422e-01 -8.315389156341552734e-01 -1.301666736602783203e+00 -5.547757148742675781e-01 3.362284302711486816e-01 1.342915892601013184e+00 9.093440175056457520e-01 -2.626345455646514893e-01 -1.190342307090759277e+00 1.230807423591613770e+00 -1.198990941047668457e+00
3.083400487899780273e+00 -1.754380464553833008e+00 -1.568820238113403320e+00 -2.849145889282226562e+00 -4.207487106323242188e+00 1.222026348114013672e+00 2.002565562725067139e-01 -3.550093173980712891e+00 2.635276556015014648e+00 -8.244552612304687500e-01 3.836631774902343750e-01 1.123401403427124023e+00 -1.454301714897155762e+00 4.177420616149902344e+00 -1.371076583862304688e+00 9.454801678657531738e-01
1.113600134849548340e+00 4.774692952632904053e-01 -7.222175002098083496e-01 -1.585735797882080078e+00 -3.767966032028198242e-01 7.591250538825988770e-01 -7.664446234703063965e-01 -1.167412519454956055e+00 2.937248945236206055e-01 9.246572852134704590e-01 -2.650414228439331055e+00 5.007221698760986328e-01 -5.284368395805358887e-01 -6.558540463447570801e-01 -2.009589910507202148e+00 1.294418275356292725e-01
-5.091139674186706543e-01 2.992818653583526611e-01 -2.516388893127441406e-01 7.472360730171203613e-01 1.198621153831481934e+00 -3.960162103176116943e-01 -4.938003718852996826e-01 7.217636704444885254e-01 -1.000641465187072754e+00 1.106260538101196289e+00 -3.283912837505340576e-01 1.614149212837219238e-01 -6.704463809728622437e-02 -1.493013620376586914e+00 6.867873668670654297e-01 2.526546120643615723e-01
8.760477304458618164e-01 -1.449452638626098633e-01 1.262967348098754883e+00 -1.559438109397888184e+00 -7.722181081771850586e-01 -1.928378224372863770e+00 -3.753865882754325867e-02 -1.444466114044189453e+00 -1.418808460235595703e+00 7.907316684722900391e-01 3.223136663436889648e-01 -8.244761824607849121e-01 4.773367047309875488e-01 3.340434730052947998e-01 6.404896974563598633e-01 2.452989816665649414e-01
