-6.601563096046447754e-01 -1.992663621902465820e+00 -7.684553265571594238e-01 -5.538975000381469727e-01 -5.643616318702697754e-01 -3.115184903144836426e-01 -4.533356726169586182e-01 -8.893460780382156372e-02 9.337997436523437500e-01 3.949016332626342773e-01 -6.591315269470214844e-01 6.337274909019470215e-01 -1.002868056297302246e+00 1.916168481111526489e-01 1.984760642051696777e+00 2.863801717758178711e-01
-2.364517450332641602e-01 -4.051485657691955566e-01 -2.810952365398406982e-01 1.036817908287048340e+00 -1.319435238838195801e+00 1.393559128046035767e-01 2.272826433181762695e-01 3.887453377246856689e-01 2.329035103321075439e-01 1.560419678688049316e+00 -2.676336169242858887e-01 -9.398378729820251465e-01 5.345764756202697754e-01 1.386144757270812988e+00 3.422039374709129333e-02 -2.369253635406494141e-01
-1.300081372261047363e+00 -1.685398221015930176e+00 3.366035223007202148e-01 -9.665466547012329102e-01 -1.272076845169067383e+00 5.265578627586364746e-01 5.772957801818847656e-01 -2.339601367712020874e-01 4.402002394199371338e-01 1.840077936649322510e-01 1.004089713096618652e+00 -2.714835405349731445e-01 -1.891711652278900146e-01 1.373576760292053223e+00 6.035228371620178223e-01 4.819716513156890869e-01
2.358684062957763672e+00 4.679012775421142578e+00 -6.537712216377258301e-01 -1.544425368309020996e+00 -5.360004901885986328e-01 -1.384175896644592285e+00 -8.730553388595581055e-01 1.356483459472656250e+00 2.381983518600463867e+00 1.392901092767715454e-01 3.911480903625488281e-01 -1.625275015830993652e+00 -1.880877971649169922e+00 -4.532864093780517578e-01 -6.361434608697891235e-02 1.659788012504577637e+00
2.141464471817016602e+00 -4.589184820652008057e-01 3.053718507289886475e-01 2.529173195362091064e-01 -1.257337629795074463e-01 -2.150387018918991089e-01 2.398289203643798828e+00 1.060281157493591309e+00 -2.200816392898559570e+00 1.985180824995040894e-01 -3.412797927856445312e+00 -9.619777202606201172e-01 -2.122571021318435669e-01 -3.829511642456054688e+00 -9.972202777862548828e-01 -3.662993609905242920e-01
1.250452697277069092e-01 -3.032386600971221924e-01 -3.020333647727966309e-01 6.065636873245239258e-01 -3.035396337509155273e+00 1.320040464401245117e+00 -1.382377862930297852e+00 -5.530692934989929199e-01 1.130355358123779297e+00 -3.162856400012969971e-01 5.260738134384155273e-01 4.475203156471252441e-01 2.971249520778656006e-01 3.610609173774719238e-01 1.279025375843048096e-01 -1.280557811260223389e-01
-1.093427300453186035e+00 -2.582436203956604004e-01 -1.448006510734558105e+00 -2.366189807653427124e-01 2.315735816955566406e+00 1.680689454078674316e+00 -6.609721779823303223e-01 -3.227950632572174072e-02 -1.124218106269836426e+00 -8.907238245010375977e-01 4.555658400058746338e-01 -6.326248403638601303e-03 -3.445000573992729187e-02 -5.966187119483947754e-01 -4.402000606060028076e-01 1.909207254648208618e-01
-3.786303699016571045e-01 -2.660610914230346680e+00 8.471447229385375977e-02 -2.779650986194610596e-01 5.088710412383079529e-02 2.665336430072784424e-01 3.239141404628753662e-01 2.830757498741149902e-01 8.378380537033081055e-02 -9.079601764678955078e-01 -1.149832010269165039e+00 -2.009996622800827026e-01 -7.240951061248779297e-01 5.686041116714477539e-01 2.650055103003978729e-02 -6.252273917198181152e-01
-6.178430467844009399e-02 -2.911580085754394531e+00 1.617904901504516602e-01 -8.606445789337158203e-01 1.732168674468994141e+00 7.007823586463928223e-01 7.853741049766540527e-01 1.343950152397155762e+00 -8.158495277166366577e-02 1.435105800628662109e+00 2.619908452033996582e-01 2.050534039735794067e-01 5.531229972839355469e-01 9.211874604225158691e-01 8.996353745460510254e-01 1.454071104526519775e-01
-1.711614966392517090e+00 2.818002104759216309e-01 5.786574482917785645e-01 4.747056066989898682e-01 1.162990689277648926e+00 1.066100358963012695e+00 -1.536257982254028320e+00 -1.252474308013916016e+00 2.990739345550537109e+00 -1.860823333263397217e-01 7.715680599212646484e-01 2.011392593383789062e+00 -1.940129995346069336e-01 2.462653398513793945e+00 -1.436682701110839844e+00 -9.335269331932067871e-01
9.418484568595886230e-01 -1.359111547470092773e+00 1.790251135826110840e-01 6.104443967342376709e-02 1.079294085502624512e+00 1.653865218162536621e+00 5.851844549179077148e-01 1.404774665832519531e+00 1.825686395168304443e-01 -1.173481106758117676e+00 1.233262777328491211e+00 -4.714943170547485352e-01 2.113029174506664276e-02 1.783069074153900146e-01 -1.186153888702392578e+00 -1.320274472236633301e+00
-2.140914648771286011e-01 1.484223008155822754e+00 -2.240217447280883789e+00 -1.539337754249572754e+00 2.647670805454254150e-01 -1.884239196777343750e+00 -2.117359876632690430e+00 -1.974684000015258789e-01 7.657659053802490234e-01 -7.233563065528869629e-01 -4.949642121791839600e-01 -3.719008266925811768e-01 -2.174037247896194458e-01 -3.900616765022277832e-01 -2.321750521659851074e-01 -2.151208162307739258e+00
2.332189083099365234e+00 1.711693406105041504e+00 -3.229892730712890625e+00 -2.147660493850708008e+00 1.234348211437463760e-02 -1.005739092826843262e+00 1.392569065093994141e+00 -9.855783581733703613e-01 3.874628543853759766e+00 -1.696236610412597656e+00 1.658533573150634766e+00 1.305287480354309082e+00 -6.096615791320800781e-01 -1.524877361953258514e-02 1.004107594490051270e+00 1.273651242256164551e+00
-3.828403726220130920e-02 -4.276214540004730225e-01 -1.265310525894165039e+00 1.088263615965843201e-01 -6.158854365348815918e-01 -1.406396746635437012e+00 2.164342164993286133e+00 2.155699282884597778e-01 1.499645590782165527e+00 -1.125926852226257324e+00 -2.872969865798950195e+00 -2.415224015712738037e-01 -2.784264981746673584e-01 -2.148202896118164062e+00 1.342328190803527832e+00 -3.175842463970184326e-01
2.009737968444824219e+00 -1.816281199455261230e+00 -6.056189909577369690e-02 2.367796450853347778e-01 4.653482735157012939e-01 -6.165776401758193970e-02 2.261256933212280273e+00 1.828380823135375977e+00 -2.531943798065185547e+00 3.043959736824035645e-01 -2.043690204620361328e+00 2.630320489406585693e-01 -1.736139893531799316e+00 -5.476824641227722168e-01 -5.702748298645019531e-01 -8.773062378168106079e-02
-2.624303996562957764e-01 2.408671855926513672e+00 5.927177667617797852e-01 1.294873237609863281e+00 -1.114924907684326172e+00 -8.575060963630676270e-01 1.575399398803710938e+00 -1.592912077903747559e+00 -5.131489634513854980e-01 -3.327232599258422852e-01 -1.574334621429443359e+00 -8.894725441932678223e-01 -7.068988680839538574e-01 -3.365097194910049438e-02 -8.935595154762268066e-01 5.541164278984069824e-01
