-7.422254085540771484e-01 -3.449538946151733398e-01 4.922692775726318359e-01 -6.651461720466613770e-01 1.780293136835098267e-01 -4.934673011302947998e-01 4.556361213326454163e-02 -4.976317584514617920e-01 5.101701021194458008e-01 -6.846408247947692871e-01 8.230293542146682739e-02 -5.819169804453849792e-02 -5.587552189826965332e-01 8.451450467109680176e-01 -3.345819413661956787e-01 -3.732676208019256592e-01
2.453517168760299683e-01 -7.186761498451232910e-01 1.034560680389404297e+00 7.948762178421020508e-01 1.107304468750953674e-01 -3.462680876255035400e-01 -3.026027977466583252e-01 3.366756439208984375e-01 2.086097240447998047e+00 -1.222950339317321777e+00 3.189294338226318359e-01 3.113711774349212646e-01 -1.175451159477233887e+00 1.029853448271751404e-01 -4.080376327037811279e-01 6.798639893531799316e-02
-3.309085369110107422e-01 8.105868101119995117e-01 -1.862379908561706543e-01 -4.395370930433273315e-02 -2.454641908407211304e-01 -1.099001094698905945e-01 -1.452378928661346436e-01 -5.100471377372741699e-01 9.345684647560119629e-01 -5.168454647064208984e-01 -1.164990663528442383e+00 -1.167263865470886230e+00 2.033804953098297119e-01 8.114616870880126953e-01 -7.506697177886962891e-01 -5.957731008529663086e-01
2.656088210642337799e-02 2.243168592453002930e+00 6.726393103599548340e-02 -1.401337981224060059e-01 4.792131483554840088e-01 -6.574718952178955078e-01 -5.142186284065246582e-01 -1.276117205619812012e+00 -3.170584440231323242e+00 7.228097915649414062e-01 9.602533578872680664e-01 -2.016748040914535522e-01 1.222385764122009277e+00 -2.532495021820068359e+00 3.377144634723663330e-01 -6.502611637115478516e-01
-7.734423875808715820e-01 1.672003030776977539e+00 -8.500166535377502441e-01 3.660745024681091309e-01 -6.927331089973449707e-01 -1.121843829751014709e-01 -2.024183124303817749e-01 -6.955581903457641602e-01 3.047675132751464844e+00 5.724180936813354492e-01 6.647053360939025879e-01 -1.549507260322570801e+00 7.064724564552307129e-01 1.108669638633728027e+00 -1.027879357337951660e+00 6.996979117393493652e-01
6.266497075557708740e-02 -2.436251342296600342e-01 1.252648085355758667e-01 2.795450389385223389e-03 9.179272502660751343e-02 -8.090347647666931152e-01 2.922345101833343506e-01 2.919840812683105469e-01 2.775324583053588867e-01 -5.400248169898986816e-01 3.830662369728088379e-01 -1.463641226291656494e-01 -1.087649613618850708e-01 1.924464404582977295e-01 2.671813368797302246e-01 6.937766075134277344e-01
-9.587882757186889648e-01 -3.495532274246215820e-01 1.288702011108398438e+00 3.745072603225708008e+00 3.016752898693084717e-01 7.968127727508544922e-01 -8.290922045707702637e-01 2.031572014093399048e-01 9.905363917350769043e-01 3.753769695758819580e-01 2.045509099960327148e+00 -5.726830363273620605e-01 -1.134263157844543457e+00 1.034656643867492676e+00 -1.008513808250427246e+00 7.751747369766235352e-01
1.229606509208679199e+00 -5.215959548950195312e-01 -8.667757511138916016e-01 8.374947309494018555e-02 -4.511263221502304077e-02 -2.742221653461456299e-01 -3.985079824924468994e-01 -9.078668951988220215e-01 7.851418256759643555e-01 2.630144655704498291e-01 -1.007864847779273987e-01 5.111368894577026367e-01 -3.950693905353546143e-01 4.659064114093780518e-01 -7.943612933158874512e-01 -1.922167241573333740e-01
4.613802433013916016e-01 -9.425837993621826172e-01 7.654762268066406250e-02 -2.568904638290405273e+00 -2.939833998680114746e-01 1.383451581001281738e+00 7.437351346015930176e-01 -1.252042889595031738e+00 9.618635177612304688e-01 2.864789009094238281e+00 1.594886183738708496e+00 1.783627420663833618e-01 -3.626204729080200195e-01 1.264663100242614746e+00 -1.939009904861450195e+00 1.114426493644714355e+00
-6.361649632453918457e-01 8.834580183029174805e-01 1.544970393180847168e+00 2.000122785568237305e+00 1.143480930477380753e-02 6.127597093582153320e-01 2.479715794324874878e-01 1.567962646484375000e+00 2.790672779083251953e+00 -2.896327972412109375e+00 1.428160518407821655e-01 8.691458106040954590e-01 -1.053380370140075684e+00 -9.246492981910705566e-01 -4.263034164905548096e-01 1.880699634552001953e+00
3.783471584320068359e-01 -4.768035411834716797e-01 -8.260256052017211914e-01 -8.433764576911926270e-01 2.084066718816757202e-01 2.473113834857940674e-01 -4.836544394493103027e-01 3.313378989696502686e-01 6.243774890899658203e-01 2.294299840927124023e+00 2.327094078063964844e-01 1.232341289520263672e+00 -3.934763371944427490e-01 1.538792848587036133e+00 -8.564324975013732910e-01 1.292780280113220215e+00
7.978773117065429688e-01 -2.260840177536010742e+00 4.621089696884155273e-01 -2.066655874252319336e+00 -3.415701687335968018e-01 7.033533453941345215e-01 -4.403082132339477539e-01 4.431972503662109375e-01 1.748356223106384277e-01 -3.481655120849609375e-01 1.368957161903381348e+00 -9.996255040168762207e-01 -4.783342182636260986e-01 7.403325438499450684e-01 4.971342682838439941e-01 1.423471271991729736e-01
-8.076159358024597168e-01 1.473838448524475098e+00 -1.978104352951049805e+00 -2.449457645416259766e+00 -4.759521782398223877e-01 -1.223138213157653809e+00 -6.616879105567932129e-01 7.562428116798400879e-01 -4.049690723419189453e+00 1.933690905570983887e-01 1.973279938101768494e-02 -7.404188811779022217e-02 -5.004012584686279297e-01 -1.228754281997680664e+00 2.204884767532348633e+00 -2.370752811431884766e+00
1.161526799201965332e+00 6.473309397697448730e-01 -3.680704832077026367e-01 -1.445854544639587402e+00 -4.239812493324279785e-01 -1.131772398948669434e+00 2.983727157115936279e-01 -7.181366682052612305e-01 -2.198162317276000977e+00 2.560341060161590576e-01 2.689701795578002930e+00 -9.075121879577636719e-01 -2.559770941734313965e-01 -1.774347782135009766e+00 -5.030586197972297668e-02 1.270046532154083252e-01
-1.102681636810302734e+00 -4.298397004604339600e-01 2.595828175544738770e-01 7.640604376792907715e-01 -2.893493324518203735e-02 5.696972012519836426e-01 -5.538117289543151855e-01 6.573111414909362793e-01 1.873937368392944336e+00 1.618287682533264160e+00 7.752028107643127441e-01 -2.641034722328186035e-01 -6.887764930725097656e-01 3.657127022743225098e-01 -1.725392937660217285e+00 -1.293987631797790527e-01
-2.501616440713405609e-02 -2.835040390491485596e-01 -1.627009510993957520e+00 -5.003964304924011230e-01 1.108803674578666687e-01 9.463552236557006836e-01 -3.796952068805694580e-01 7.923557162284851074e-01 -1.248202919960021973e+00 4.514442384243011475e-01 -3.030795753002166748e-01 3.498685657978057861e-01 3.822195827960968018e-01 5.898005366325378418e-01 1.891835212707519531e+00 -1.488944053649902344e+00
