3.830644488334655762e-01 -7.201467752456665039e-01 -4.257751703262329102e-01 -1.606325984001159668e+00 -2.687570750713348389e-01 -1.405567169189453125e+00 -1.041106805205345154e-01 -8.123694062232971191e-01 1.227490901947021484e+00 5.524852871894836426e-01 -6.249120831489562988e-01 -7.657023072242736816e-01 1.459855794906616211e+00 7.359272837638854980e-01 -9.759469032287597656e-01 5.084801092743873596e-02
-2.798025369644165039e+00 8.964723944664001465e-01 1.749998927116394043e+00 -1.056985735893249512e+00 -2.666997194290161133e+00 2.018871545791625977e+00 -8.733997941017150879e-01 -2.987508058547973633e+00 1.458720564842224121e-01 -8.141852021217346191e-01 3.796254396438598633e-01 1.294474601745605469e-01 -8.088159561157226562e-01 9.382928013801574707e-01 1.114419817924499512e+00 2.827143907546997070e+00
2.722962379455566406e+00 2.520137786865234375e+00 -1.244558334350585938e+00 -8.092023730278015137e-01 2.414178609848022461e+00 2.448102235794067383e+00 -1.890773057937622070e+00 1.381141066551208496e+00 -3.463203012943267822e-01 5.637900829315185547e-01 4.068321585655212402e-01 -1.692418098449707031e+00 -8.501243591308593750e-01 5.775077268481254578e-03 -6.546106338500976562e-01 4.549896419048309326e-01
-3.798497915267944336e-01 2.522520303726196289e+00 -5.875396132469177246e-01 9.066577553749084473e-01 -1.736406445503234863e+00 -4.584932625293731689e-01 4.225675582885742188e+00 9.363944530487060547e-01 -2.157663345336914062e+00 2.394485235214233398e+00 6.517676115036010742e-01 1.114178061485290527e+00 -2.276265859603881836e+00 6.299523115158081055e-01 3.298869132995605469e+00 -3.174721717834472656e+00
-2.163598299026489258e+00 2.973418235778808594e-01 2.658236503601074219e+00 -2.572514414787292480e-01 -2.431741952896118164e+00 1.596662402153015137e+00 -4.196178317070007324e-01 -4.016314819455146790e-02 3.617341756820678711e+00 -2.961148738861083984e+00 2.207456827163696289e-01 -6.834364533424377441e-01 -8.472421765327453613e-01 1.667914390563964844e+00 3.051740646362304688e+00 -1.196753859519958496e+00
3.564029633998870850e-01 7.121540904045104980e-01 7.905002236366271973e-01 2.774039749056100845e-03 -1.003368377685546875e+00 -2.925102233886718750e+00 1.606179177761077881e-01 8.181164413690567017e-02 2.296380281448364258e+00 -1.186819434165954590e+00 -2.900207519531250000e+00 1.361004590988159180e+00 2.998516559600830078e+00 5.901244878768920898e-01 -3.071315765380859375e+00 -1.058644890785217285e+00
-1.016129851341247559e+00 -5.152418017387390137e-01 3.276686906814575195e+00 2.040752172470092773e-01 -1.229918956756591797e+00 -4.601709544658660889e-01 -4.471169412136077881e-01 1.383312463760375977e+00 1.092599108815193176e-01 6.400070786476135254e-01 -1.497865796089172363e+00 7.513190507888793945e-01 1.559115290641784668e+00 1.646373271942138672e+00 2.739326953887939453e+00 -6.536837100982666016e+00
1.476386427879333496e+00 2.301589727401733398e+00 -2.111430168151855469e+00 -1.264539599418640137e+00 1.019358277320861816e+00 3.140712082386016846e-01 7.871308326721191406e-01 5.647369623184204102e-01 1.386170625686645508e+00 6.762816309928894043e-01 4.469978809356689453e-01 -1.368493318557739258e+00 3.962723910808563232e-01 7.620152831077575684e-01 -1.409494996070861816e+00 -3.631104469299316406e+00
1.919038414955139160e+00 -3.054215572774410248e-02 -6.370738983154296875e+00 -9.658192396163940430e-01 3.468393325805664062e+00 -2.798212051391601562e+00 -1.776828616857528687e-01 8.298944830894470215e-01 1.262322068214416504e+00 -2.992505550384521484e+00 3.819922208786010742e-01 -2.060586452484130859e+00 -1.735864043235778809e+00 -2.976248562335968018e-01 -1.276785969734191895e+00 -1.175818347930908203e+01
-3.211314678192138672e+00 -2.984500885009765625e+00 2.264041423797607422e+00 -4.398167729377746582e-01 -2.741994380950927734e+00 -1.919933438301086426e+00 6.771235913038253784e-02 -3.099463224411010742e+00 1.802277565002441406e+00 2.926274299621582031e+00 -1.581961274147033691e+00 2.195958852767944336e+00 1.673918008804321289e+00 1.414057016372680664e+00 1.665135025978088379e-01 7.298431873321533203e+00
-1.111907362937927246e+00 -4.932321608066558838e-01 -9.514446854591369629e-01 -2.673895120620727539e+00 2.576804399490356445e+00 1.675408005714416504e+00 5.915944576263427734e-01 2.619147777557373047e+00 3.268853425979614258e-01 -6.624499797821044922e+00 6.792198419570922852e-01 -4.075292944908142090e-01 3.937949538230895996e-01 -1.900948047637939453e+00 1.235099434852600098e+00 -4.531766414642333984e+00
1.567584037780761719e+00 5.231992721557617188e+00 -1.844940900802612305e+00 6.523866653442382812e-01 -4.459343850612640381e-01 -3.282319545745849609e+00 2.063820123672485352e+00 -3.657405853271484375e+00 -2.294588834047317505e-01 -1.264299631118774414e+00 -4.911184787750244141e+00 -3.000949323177337646e-02 1.779964208602905273e+00 2.490118741989135742e+00 9.917935132980346680e-01 -7.314519882202148438e-01
1.984534502029418945e+00 1.572105884552001953e+00 -4.014325618743896484e+00 -2.274533987045288086e+00 1.963861823081970215e+00 -2.322934865951538086e+00 8.238967061042785645e-01 2.115949630737304688e+00 1.437495231628417969e+00 2.291731119155883789e+00 -1.207965731620788574e+00 -5.955869555473327637e-01 8.612597584724426270e-01 5.462634563446044922e-01 -3.151923656463623047e+00 -2.788470029830932617e+00
-1.577582657337188721e-01 -5.426177978515625000e-01 8.492320179939270020e-01 6.322598457336425781e-01 1.449034094810485840e+00 -1.130820035934448242e+00 1.935337334871292114e-01 -1.710411459207534790e-01 2.334703207015991211e-01 1.043659567832946777e+00 -1.742811203002929688e+00 1.425103187561035156e+00 1.724437713623046875e+00 3.192761659622192383e+00 1.238014459609985352e+00 4.982911050319671631e-01
-1.414421200752258301e-01 -2.587324857711791992e+00 2.292519211769104004e-01 -2.841922044754028320e+00 -4.825588762760162354e-01 -7.681323885917663574e-01 -1.280772924423217773e+00 -1.382451534271240234e+00 -4.183857142925262451e-01 2.653324604034423828e-01 -1.024923205375671387e+00 -4.620052278041839600e-01 -1.059549212455749512e+00 4.103375971317291260e-01 -7.494001984596252441e-01 -1.604984760284423828e+00
4.081245422363281250e+00 3.109467267990112305e+00 -2.732367277145385742e+00 -2.789719820022583008e+00 9.972791671752929688e-01 6.972415447235107422e-01 -1.097897052764892578e+00 1.342695951461791992e+00 -1.019635200500488281e+00 5.826819896697998047e+00 1.322137832641601562e+00 -3.237832546234130859e+00 -1.572895884513854980e+00 -2.063987255096435547e+00 -3.116863250732421875e+00 1.280912280082702637e+00
