-3.821037113666534424e-01 5.559167265892028809e-01 1.386816799640655518e-02 8.630753159523010254e-01 1.534017562866210938e+00 2.625524997711181641e-01 2.151168107986450195e+00 -5.309235453605651855e-01 -1.376297771930694580e-01 -2.782523870468139648e+00 -1.030411839485168457e+00 -1.558480978012084961e+00 4.332644343376159668e-01 -4.322861880064010620e-02 5.859290361404418945e-01 -2.361686944961547852e+00
1.056430816650390625e+00 1.857663154602050781e+00 1.070219993591308594e+00 -1.556363105773925781e+00 2.582148313522338867e+00 1.123323917388916016e+00 6.985184550285339355e-02 2.148495800793170929e-02 6.880273818969726562e-01 -1.228175997734069824e+00 -1.438832283020019531e-02 -1.025722265243530273e+00 9.574708342552185059e-01 2.207400463521480560e-02 -1.308525443077087402e+00 -5.087752819061279297e+00
1.425994634628295898e-01 4.440018832683563232e-01 -1.037554383277893066e+00 9.033563733100891113e-01 -5.722863674163818359e-01 -5.686764717102050781e-01 -8.435766100883483887e-01 -8.596311509609222412e-02 -1.532005667686462402e-01 4.732810974121093750e+00 -1.800763607025146484e-01 -9.195863008499145508e-01 -5.003573298454284668e-01 -5.208176970481872559e-01 2.968176603317260742e-01 1.314156532287597656e+00
-1.142734766006469727e+00 -4.696847796440124512e-01 -4.283723533153533936e-01 -1.223058104515075684e+00 -1.075472831726074219e+00 1.297249458730220795e-02 -9.783836007118225098e-01 -1.089089632034301758e+00 4.339005053043365479e-01 1.991819500923156738e+00 -1.026058197021484375e+00 -9.200105667114257812e-01 1.845839768648147583e-01 -5.253947153687477112e-02 -8.152335286140441895e-01 2.228400707244873047e+00
1.137205004692077637e+00 2.550927102565765381e-01 1.391678929328918457e+00 1.050780296325683594e+00 4.691957533359527588e-01 -2.863312959671020508e-01 1.000854969024658203e-01 -4.181644916534423828e-01 4.845127165317535400e-01 -3.323476552963256836e+00 9.530271887779235840e-01 -9.153633713722229004e-01 1.694721579551696777e+00 -4.169695973396301270e-01 -8.173860311508178711e-01 -3.673213481903076172e+00
1.585862755775451660e+00 7.341906428337097168e-01 -2.931749224662780762e-01 4.770015180110931396e-01 -8.522635698318481445e-01 -4.417700469493865967e-01 -2.021718502044677734e+00 -7.334682345390319824e-01 3.118287622928619385e-01 2.946548461914062500e-01 9.277942180633544922e-01 4.792566597461700439e-01 2.130191028118133545e-01 -1.985199898481369019e-01 -1.988569021224975586e+00 -1.710231423377990723e+00
-1.668857216835021973e+00 -2.337650775909423828e+00 6.573714256286621094e+00 1.764250159263610840e+00 -2.997109413146972656e+00 1.617435693740844727e+00 6.962453126907348633e-01 -4.020256102085113525e-01 -2.429377555847167969e+00 -4.304733872413635254e-01 -4.097962379455566406e-01 1.723495364189147949e+00 1.987952113151550293e+00 1.381795883178710938e+00 2.037268877029418945e+00 5.813287734985351562e+00
-2.721474647521972656e+00 -2.431757688522338867e+00 1.204710721969604492e+00 -4.031831622123718262e-01 -8.033712506294250488e-01 1.248742818832397461e+00 -7.063511013984680176e-01 -1.293240070343017578e+00 -8.213284611701965332e-01 1.736138820648193359e+00 9.166604876518249512e-01 1.317248106002807617e+00 -3.535540997982025146e-01 -3.954545855522155762e-01 4.146065235137939453e+00 4.567690372467041016e+00
1.741935968399047852e+00 2.910478591918945312e+00 -8.668979406356811523e-01 -9.562970697879791260e-02 1.303219437599182129e+00 4.527955949306488037e-01 -2.526106238365173340e-01 7.265454530715942383e-01 4.402520358562469482e-01 -1.409150719642639160e+00 1.412024140357971191e+00 -3.545408137142658234e-03 3.418140411376953125e-01 -1.692446947097778320e+00 5.973569750785827637e-01 -4.537825584411621094e+00
-2.129767417907714844e+00 -4.533704757690429688e+00 3.624122142791748047e+00 1.068394184112548828e+00 -1.599491238594055176e+00 6.827411651611328125e-01 1.241801619529724121e+00 -1.276293277740478516e+00 -2.432698726654052734e+00 -8.806157112121582031e-01 6.311745941638946533e-02 1.115675687789916992e+00 2.104568004608154297e+00 1.377772092819213867e+00 4.751202464103698730e-01 4.264402389526367188e+00
6.837777495384216309e-01 3.765981197357177734e-01 -1.248595565557479858e-01 -6.912740468978881836e-01 -1.541272163391113281e+00 -8.553572297096252441e-01 -2.707296013832092285e-01 6.248368620872497559e-01 2.579640150070190430e-01 -1.183808207511901855e+00 -1.139389157295227051e+00 6.593104600906372070e-01 -4.673805236816406250e-01 -1.392539441585540771e-01 8.913155198097229004e-01 -7.063987255096435547e-01
-1.131573915481567383e+00 -1.797334432601928711e+00 7.660924792289733887e-01 3.576814532279968262e-01 -1.657814979553222656e+00 -8.827509880065917969e-01 9.063223004341125488e-02 -2.936961352825164795e-01 -4.846383817493915558e-03 1.549495577812194824e+00 -4.082565903663635254e-01 -2.304802656173706055e+00 -9.204741120338439941e-01 5.735312104225158691e-01 1.055913209915161133e+00 5.087978363037109375e+00
-6.030725240707397461e-01 -5.188829898834228516e-01 4.999174475669860840e-01 -7.263622283935546875e-01 -1.079396128654479980e+00 -3.005097210407257080e-01 1.387414216995239258e+00 1.148514598608016968e-01 -7.526298761367797852e-01 2.777570188045501709e-01 8.422023057937622070e-01 -8.166544437408447266e-01 -2.362739086151123047e+00 -6.380621194839477539e-01 1.303934931755065918e+00 -7.305366396903991699e-01
1.058153510093688965e+00 3.839070200920104980e-01 1.048349663615226746e-01 -2.068295955657958984e+00 -1.057699322700500488e+00 1.130329221487045288e-01 5.092560499906539917e-02 -7.037851214408874512e-01 -4.274209737777709961e-01 -3.348111808300018311e-01 6.963176131248474121e-01 -3.763412237167358398e+00 -8.765468001365661621e-02 9.509026259183883667e-02 -1.419330596923828125e+00 2.869660854339599609e-01
1.161291003227233887e+00 2.694761455059051514e-01 -7.911047339439392090e-01 -1.456374973058700562e-01 1.181839108467102051e+00 -1.031217336654663086e+00 -3.466001152992248535e-01 -1.550736904144287109e+00 5.016418695449829102e-01 -1.763845682144165039e+00 1.308003365993499756e-01 -4.867990612983703613e-01 1.693756222724914551e+00 8.014605641365051270e-01 -1.846512794494628906e+00 -1.366802096366882324e+00
3.597711771726608276e-02 1.279964208602905273e+00 4.995910823345184326e-01 1.814086079597473145e+00 -2.305268287658691406e+00 -5.516020655632019043e-01 7.460029423236846924e-02 -3.249368667602539062e-01 -1.921976208686828613e+00 5.228961110115051270e-01 -9.475209116935729980e-01 1.009734749794006348e+00 1.731297850608825684e+00 6.530127674341201782e-02 -3.885853588581085205e-01 -1.925867199897766113e+00
