-1.337936758995056152e+00 1.685508847236633301e+00 -5.892305076122283936e-02 -1.335710585117340088e-01 -6.497484445571899414e-01 -2.040217399597167969e+00 9.292346239089965820e-01 -1.280319571495056152e+00 -1.476490616798400879e+00 -1.611210346221923828e+00 1.848263591527938843e-01 -1.435637950897216797e+00 -1.515680670738220215e+00 -2.658476352691650391e+00 -1.301616787910461426e+00 -6.757987141609191895e-01
-1.504234671592712402e+00 -5.846140161156654358e-02 -5.486032366752624512e-01 -1.801101684570312500e+00 -1.565543532371520996e+00 8.902038931846618652e-01 1.852327138185501099e-01 -1.272916197776794434e+00 -2.858466386795043945e+00 1.447104930877685547e+00 -5.262829661369323730e-01 -2.984044142067432404e-02 6.409567594528198242e-01 -3.544676542282104492e+00 5.268192291259765625e-01 -3.101222813129425049e-01
2.031869173049926758e+00 -1.201656818389892578e+00 -5.080092549324035645e-01 -1.820201873779296875e-01 9.323714673519134521e-02 -2.327230013906955719e-02 4.413838684558868408e-01 1.393066883087158203e+00 9.824228882789611816e-01 -1.123010039329528809e+00 4.508440494537353516e-01 -7.387559413909912109e-01 -2.707832306623458862e-02 2.758981466293334961e+00 -2.704766988754272461e-01 2.980350852012634277e-01
6.615118384361267090e-01 -3.075738549232482910e-01 -4.658449590206146240e-01 2.121036291122436523e+00 3.144710779190063477e+00 1.802132725715637207e+00 -5.023216605186462402e-01 2.597892284393310547e+00 2.116621732711791992e+00 -8.417236208915710449e-01 1.358218669891357422e+00 -1.263626813888549805e+00 5.475117564201354980e-01 3.221681118011474609e+00 -3.717333078384399414e-02 6.382448971271514893e-02
-1.938994407653808594e+00 1.819098353385925293e+00 -9.032731056213378906e-01 7.327336072921752930e-01 -3.004073381423950195e+00 -1.609519124031066895e+00 -1.963920474052429199e+00 -1.655561685562133789e+00 -2.002028942108154297e+00 -1.697638034820556641e-01 -1.315398931503295898e+00 2.075228244066238403e-01 -6.286032199859619141e-01 -2.742213964462280273e+00 -3.502320945262908936e-01 -1.043818235397338867e+00
-7.598407864570617676e-01 1.822304964065551758e+00 5.208799839019775391e-01 1.204568982124328613e+00 5.803458690643310547e-01 -4.430776536464691162e-01 1.432879090309143066e+00 -1.523288130760192871e+00 8.497502654790878296e-02 1.144431471824645996e+00 -1.039527773857116699e+00 1.192394018173217773e+00 6.770839691162109375e-01 -3.822903931140899658e-01 -2.318942248821258545e-01 4.139463901519775391e-01
1.220157369971275330e-01 -1.236684769392013550e-01 5.532063841819763184e-01 2.469538688659667969e+00 5.736141204833984375e+00 3.490808725357055664e+00 -6.695980429649353027e-01 5.098611116409301758e-01 1.675132989883422852e+00 -1.983359828591346741e-02 2.317564487457275391e+00 2.971633970737457275e-01 -1.798426210880279541e-01 1.279634833335876465e+00 2.972897052764892578e+00 1.914334774017333984e+00
1.381727576255798340e+00 1.931099653244018555e+00 5.041802525520324707e-01 3.742116451263427734e+00 2.227900743484497070e+00 -3.297121524810791016e+00 8.101772069931030273e-01 -1.964981913566589355e+00 1.484939932823181152e+00 -7.580204606056213379e-01 -2.348678112030029297e+00 3.261128067970275879e-01 8.076348304748535156e-01 1.332908630371093750e+00 4.551479816436767578e+00 -6.277326941490173340e-01
-1.567090392112731934e+00 -6.421236395835876465e-01 -1.016828894615173340e+00 -3.595544338226318359e+00 -4.490245819091796875e+00 -1.347800850868225098e+00 -1.108612179756164551e+00 -3.113952279090881348e-01 -1.051973342895507812e+00 3.892240524291992188e-01 -2.104281425476074219e+00 -2.598781287670135498e-01 1.403464555740356445e+00 -1.397976875305175781e+00 -3.675868213176727295e-01 -3.734510540962219238e-01
1.671581029891967773e+00 2.642510175704956055e+00 1.281959533691406250e+00 2.837296009063720703e+00 5.944436550140380859e+00 2.626631259918212891e+00 2.093991518020629883e+00 1.108353257179260254e+00 2.892962455749511719e+00 -1.960828542709350586e+00 1.963424086570739746e+00 3.764794111251831055e+00 1.726353913545608521e-02 1.968037009239196777e+00 1.786434412002563477e+00 4.405292034149169922e+00
-9.826971292495727539e-01 2.736781835556030273e+00 2.261969894170761108e-01 -2.144468545913696289e+00 -2.702040672302246094e-01 -9.960966110229492188e-01 -2.187295258045196533e-01 -4.486379921436309814e-01 2.395081669092178345e-01 -3.543512523174285889e-01 -1.097445964813232422e+00 -4.440681934356689453e-01 -5.767315030097961426e-01 -5.622527003288269043e-01 3.507504165172576904e-01 -1.014183387160301208e-01
5.711662769317626953e-01 7.590302228927612305e-01 1.541061401367187500e+00 2.138649463653564453e+00 4.079902648925781250e+00 -5.892957448959350586e-01 -2.148412466049194336e+00 1.215276360511779785e+00 3.370052576065063477e+00 3.851481974124908447e-01 8.033578842878341675e-02 -1.638266801834106445e+00 -8.546509742736816406e-01 3.377677917480468750e+00 -7.921604067087173462e-02 2.727679312229156494e-01
7.006106972694396973e-01 -3.581876754760742188e+00 -3.364601433277130127e-01 -6.928533315658569336e-01 -1.521456718444824219e+00 -2.076794385910034180e+00 8.027401566505432129e-01 -1.353117585182189941e+00 -1.391304969787597656e+00 -5.782727152109146118e-02 -2.150963544845581055e-01 -1.280173420906066895e+00 -1.096710443496704102e+00 -1.022998809814453125e+00 1.500876665115356445e+00 5.746289491653442383e-01
-2.369945794343948364e-01 9.021442532539367676e-01 1.474414587020874023e+00 -1.695547461509704590e+00 1.313427925109863281e+00 2.264493703842163086e-01 -2.287784337997436523e+00 1.866258263587951660e+00 4.291622638702392578e-01 2.467905521392822266e+00 3.212816119194030762e-01 -2.427723169326782227e+00 -7.753347754478454590e-01 1.818361759185791016e+00 -1.836262822151184082e+00 -4.165902435779571533e-01
-6.218779683113098145e-01 -8.584401756525039673e-02 -4.106748998165130615e-01 -7.078530192375183105e-01 -6.129274368286132812e-01 1.471153497695922852e+00 -1.779797196388244629e+00 1.062735080718994141e+00 -1.355997562408447266e+00 7.012528777122497559e-01 -2.483336925506591797e-01 8.579046279191970825e-02 1.107338666915893555e+00 -2.276447266340255737e-01 -2.017737865447998047e+00 -1.609608292579650879e+00
1.122497439384460449e+00 -1.380868673324584961e+00 -2.200981974601745605e-01 2.383104324340820312e+00 -5.066092610359191895e-01 -4.707138612866401672e-02 4.799366295337677002e-01 1.645517110824584961e+00 1.790051579475402832e+00 4.594037830829620361e-01 6.052209436893463135e-02 1.379937767982482910e+00 1.574866473674774170e-01 1.547773480415344238e+00 -3.264179825782775879e-01 5.553690791130065918e-01
