-9.865511655807495117e-01 6.206102371215820312e-01 -3.765448331832885742e-01 1.574030965566635132e-01 8.340218663215637207e-02 6.119495630264282227e-01 -8.346900939941406250e-01 -4.246008098125457764e-01 -6.748489290475845337e-02 -8.115592002868652344e-01 3.731719255447387695e-01 2.067134380340576172e-01 8.479198813438415527e-01 1.433931738138198853e-01 9.573727846145629883e-01 -9.160864949226379395e-01
2.282971739768981934e-01 2.120407104492187500e+00 6.994110345840454102e-01 -2.404203861951828003e-01 1.645258516073226929e-01 -8.764804005622863770e-01 -8.398890495300292969e-01 -1.345020383596420288e-01 7.946002483367919922e-01 1.384780287742614746e+00 -5.930339097976684570e-01 -1.374063611030578613e+00 -8.316642045974731445e-01 -2.035390585660934448e-01 1.398461908102035522e-01 -5.253741145133972168e-01
9.228525757789611816e-01 -7.273833155632019043e-01 -1.055465340614318848e+00 9.323529005050659180e-01 -6.072346568107604980e-01 1.329652667045593262e+00 1.097421407699584961e+00 6.947879791259765625e-01 -4.728135168552398682e-01 1.894112974405288696e-01 7.851102948188781738e-01 9.869753122329711914e-01 9.853683710098266602e-01 -5.004984140396118164e-01 -7.909797877073287964e-02 1.488864779472351074e+00
6.331388354301452637e-01 -8.067187070846557617e-01 1.803346723318099976e-01 -5.473823547363281250e-01 9.620840549468994141e-01 6.143398880958557129e-01 1.321515083312988281e+00 -7.712191939353942871e-01 -1.211627840995788574e+00 -1.409308075904846191e+00 -3.750028014183044434e-01 1.221564650535583496e+00 -2.306191623210906982e-01 -3.429901838302612305e+00 -1.221064209938049316e+00 9.619057923555374146e-02
-1.666468381881713867e+00 7.187628149986267090e-01 1.725723505020141602e+00 5.451700091361999512e-01 9.163361787796020508e-01 -1.020645260810852051e+00 -8.487064242362976074e-01 -3.667575418949127197e-01 5.274783968925476074e-01 -2.544533967971801758e+00 1.650593161582946777e+00 -3.645890653133392334e-01 -1.411253571510314941e+00 6.437166780233383179e-02 1.676084399223327637e-01 -1.032005190849304199e+00
-1.834473609924316406e+00 -2.605680465698242188e+00 -1.053983330726623535e+00 6.140118241310119629e-01 9.854995608329772949e-01 -4.337854087352752686e-01 -9.211896061897277832e-01 -1.591577172279357910e+00 -6.428390741348266602e-02 5.298213362693786621e-01 -5.777025222778320312e-01 -9.979234337806701660e-01 7.732019424438476562e-01 -3.113757073879241943e-01 4.426846504211425781e-01 -2.337376356124877930e+00
-9.000749588012695312e-01 -2.323308944702148438e+00 -1.652387261390686035e+00 2.442993640899658203e+00 9.038479924201965332e-01 -1.291623234748840332e+00 1.122651219367980957e+00 -1.024481892585754395e+00 1.321896165609359741e-01 2.125194549560546875e+00 -5.810872316360473633e-01 1.639746665954589844e+00 -3.015669822692871094e+00 -2.209901809692382812e+00 -4.640938937664031982e-01 2.982155680656433105e-01
-3.120419740676879883e+00 -1.347726821899414062e+00 -2.325913757085800171e-01 -2.954931259155273438e+00 -1.671306371688842773e+00 -4.322772979736328125e+00 -1.858707189559936523e+00 3.647292256355285645e-01 1.613991856575012207e+00 1.755737513303756714e-01 -6.910429596900939941e-01 -1.027021288871765137e+00 -1.892735242843627930e+00 -1.453409075736999512e+00 4.502381011843681335e-02 -7.957962751388549805e-01
-1.886992454528808594e+00 9.928323030471801758e-01 -6.914314031600952148e-01 -3.176259100437164307e-01 -1.428992390632629395e+00 6.455384194850921631e-02 -1.909190416336059570e+00 3.115613162517547607e-01 3.159081935882568359e-01 -1.427300691604614258e+00 8.889467716217041016e-01 -2.087576150894165039e+00 2.653349339962005615e-01 4.583737254142761230e-01 -5.140212178230285645e-01 -9.237296581268310547e-01
-3.769452273845672607e-01 -1.694539189338684082e+00 7.526646256446838379e-01 -7.004848718643188477e-01 -5.845988392829895020e-01 -1.230962157249450684e+00 1.990537762641906738e+00 -9.136701822280883789e-01 1.461789250373840332e+00 8.063814640045166016e-01 -1.001933932304382324e+00 5.714567899703979492e-01 4.085753858089447021e-01 -2.837839365005493164e+00 1.036371737718582153e-01 1.537084341049194336e+00
-1.772247910499572754e+00 -9.819819927215576172e-01 -7.699193358421325684e-01 -4.302801787853240967e-01 2.540321826934814453e+00 -2.934609413146972656e+00 -2.270847260951995850e-01 9.916608333587646484e-01 -6.760317087173461914e-01 -1.007538795471191406e+00 -7.567300200462341309e-01 5.585650801658630371e-01 1.544822752475738525e-01 -8.122180104255676270e-01 -1.290962934494018555e+00 -7.846214175224304199e-01
-6.364775896072387695e-01 -9.081958532333374023e-01 5.203834772109985352e-01 1.133554220199584961e+00 9.666180014610290527e-01 -1.578712016344070435e-01 1.766129374504089355e+00 -5.243857502937316895e-01 -9.405189752578735352e-01 -5.990467667579650879e-01 -1.053998112678527832e+00 1.454710245132446289e+00 1.847542822360992432e-02 -5.441890954971313477e-01 -1.799167752265930176e+00 -2.624320089817047119e-01
1.879767894744873047e+00 1.990083217620849609e+00 8.217444419860839844e-01 1.929240822792053223e+00 -2.963237464427947998e-02 5.823082849383354187e-02 3.602097332477569580e-01 4.175989925861358643e-01 5.201597809791564941e-01 6.729090809822082520e-01 9.487981200218200684e-01 7.475535273551940918e-01 1.147989854216575623e-01 3.249529123306274414e+00 1.740939497947692871e+00 1.025473117828369141e+00
-8.747617006301879883e-01 1.319045662879943848e+00 5.708089470863342285e-01 -1.767021417617797852e+00 -6.230176091194152832e-01 2.417140960693359375e+00 7.435424327850341797e-01 1.447163462638854980e+00 -6.409169435501098633e-01 -7.481961846351623535e-01 1.853767395019531250e+00 -1.353641867637634277e+00 2.170893907546997070e+00 1.390066862106323242e+00 4.772617220878601074e-01 3.872113823890686035e-01
2.200156927108764648e+00 -7.700024843215942383e-01 3.732704401016235352e+00 6.866000890731811523e-01 2.198391199111938477e+00 -2.953151166439056396e-01 2.355921983718872070e+00 9.981998205184936523e-01 4.611474573612213135e-01 -1.936418265104293823e-01 1.925080180168151855e+00 1.941570758819580078e+00 1.150921344757080078e+00 -9.821772575378417969e-01 -1.599763393402099609e+00 1.738380551338195801e+00
-4.744610488414764404e-01 -8.444453477859497070e-01 2.921738624572753906e-01 1.052828431129455566e+00 -5.065670013427734375e-01 1.889957189559936523e+00 2.832916259765625000e+00 -6.841033697128295898e-01 -3.870325982570648193e-01 9.284007549285888672e-01 5.127074122428894043e-01 1.826879978179931641e+00 4.097578823566436768e-01 5.875753760337829590e-01 1.022304743528366089e-01 1.005470395088195801e+00
