-6.365389823913574219e-01 -3.074514269828796387e-01 1.468300700187683105e+00 -7.178038358688354492e-01 1.894056558609008789e+00 1.735853672027587891e+00 8.242238163948059082e-01 -3.083545863628387451e-01 -1.751394569873809814e-01 -2.565824054181575775e-02 -1.576953172683715820e+00 -8.280420303344726562e+00 -1.500416159629821777e+00 1.131086111068725586e+00 2.377090007066726685e-01 -1.128064870834350586e+00
4.944565892219543457e-01 2.616503000259399414e+00 3.024013042449951172e+00 -2.862917661666870117e+00 2.655193090438842773e+00 8.639479279518127441e-01 3.595610260963439941e-01 9.153909087181091309e-01 1.557937026023864746e+00 3.991914168000221252e-02 3.325623035430908203e+00 8.683590292930603027e-01 3.196722269058227539e+00 2.939424514770507812e+00 1.024953603744506836e+00 5.536452308297157288e-02
3.346629381179809570e+00 -6.177311539649963379e-01 3.897991478443145752e-01 9.590786695480346680e-01 -7.143537998199462891e-01 -1.507269144058227539e+00 -1.138837039470672607e-01 2.133163928985595703e+00 2.842275202274322510e-01 4.166165351867675781e+00 -5.908364057540893555e-01 -7.715680599212646484e-01 1.787395358085632324e+00 5.656073689460754395e-01 7.456157207489013672e-01 2.117004394531250000e+00
1.187483310699462891e+00 -8.286783695220947266e-01 2.092081069946289062e+00 1.173916101455688477e+00 1.194171428680419922e+00 -3.490929126739501953e+00 3.610290765762329102e+00 1.512800216674804688e+00 4.705983161926269531e+00 -2.668999195098876953e+00 1.662316918373107910e-01 -3.268034219741821289e+00 -4.965276241302490234e+00 3.846296787261962891e+00 -2.068796396255493164e+00 -9.949447512626647949e-01
1.421976566314697266e+00 -3.486990034580230713e-01 4.476678371429443359e+00 -2.577447414398193359e+00 2.209930896759033203e+00 2.935524463653564453e+00 -2.209375858306884766e+00 2.049568891525268555e+00 4.752533882856369019e-02 -3.747427701950073242e+00 3.583177328109741211e+00 -5.545467138290405273e-01 -5.269386768341064453e-01 -3.994821786880493164e+00 9.582217931747436523e-01 -1.414284825325012207e+00
-1.458156585693359375e+00 3.292344510555267334e-01 -7.162485718727111816e-01 1.881853222846984863e+00 -4.793257117271423340e-01 -8.348766565322875977e-01 3.983786702156066895e-01 -4.325458049774169922e+00 -1.905784755945205688e-02 -2.065877199172973633e+00 1.369352579116821289e+00 -6.114849448204040527e-01 -4.996301531791687012e-01 -1.091006517410278320e+00 1.134308457374572754e+00 4.855030536651611328e+00
9.900410771369934082e-01 3.599602222442626953e+00 1.921730041503906250e+00 -1.359577178955078125e+00 2.557799816131591797e-01 1.227694988250732422e+00 -6.426329016685485840e-01 1.323949843645095825e-01 -1.042835950851440430e+00 -4.008367538452148438e+00 -1.194099783897399902e+00 2.091416716575622559e-01 -1.626205682754516602e+00 2.722592353820800781e+00 -2.927038669586181641e+00 -1.166801452636718750e+00
-4.746370315551757812e-01 -7.540368437767028809e-01 1.593220472335815430e+00 -1.991680145263671875e+00 -1.476881861686706543e+00 -4.369478702545166016e+00 -5.198525786399841309e-01 4.793649911880493164e-01 2.822142653167247772e-02 -2.796626329421997070e+00 -1.556576609611511230e+00 -1.893954992294311523e+00 -9.673463702201843262e-01 2.491600438952445984e-02 -2.138779163360595703e+00 -1.630325794219970703e+00
-7.749373316764831543e-01 3.576062917709350586e+00 2.172812938690185547e+00 -1.250224828720092773e+00 -5.245020389556884766e+00 -4.023044586181640625e+00 -2.268349409103393555e+00 6.697927474975585938e+00 -1.810628920793533325e-01 -2.560292959213256836e+00 -3.852488040924072266e+00 -2.734392404556274414e+00 -2.562541723251342773e+00 -1.184378147125244141e+00 -1.644692540168762207e+00 2.397377014160156250e+00
2.353249549865722656e+00 1.914315700531005859e+00 2.927492380142211914e+00 -1.958803892135620117e+00 3.259960412979125977e+00 2.961969137191772461e+00 -8.837820887565612793e-01 2.533267974853515625e+00 -1.014412999153137207e+00 1.049322247505187988e+00 3.756897449493408203e+00 3.584287405014038086e+00 1.362961530685424805e+00 -1.786298602819442749e-01 2.433156967163085938e+00 3.005852699279785156e+00
3.646977245807647705e-01 -1.173056960105895996e+00 -2.467311382293701172e+00 -1.087693214416503906e+00 -4.090807914733886719e+00 -3.878055334091186523e+00 7.688367962837219238e-01 -7.823407649993896484e-01 -1.799531936645507812e+00 -1.176399588584899902e+00 -1.113031268119812012e+00 -2.868540525436401367e+00 -2.632623195648193359e+00 -5.549368858337402344e+00 -5.159581303596496582e-01 -2.960116624832153320e+00
-1.202061772346496582e-01 2.188776969909667969e+00 7.942698001861572266e-01 -4.844412803649902344e+00 -1.250046610832214355e+00 7.501258850097656250e-01 -9.321987628936767578e-01 1.662309169769287109e-01 2.107392549514770508e+00 -2.844567537307739258e+00 2.765751361846923828e+00 -3.010409355163574219e+00 2.832458496093750000e+00 1.112329483032226562e+00 -1.331508755683898926e+00 5.904952287673950195e-01
8.363645523786544800e-02 -6.883994936943054199e-01 -3.059102773666381836e+00 -2.135349273681640625e+00 -2.724669694900512695e+00 -1.924504756927490234e+00 1.300212860107421875e+00 7.536374092102050781e+00 -4.432045817375183105e-01 2.835635542869567871e-01 8.295196294784545898e-01 -8.778824806213378906e+00 -3.269887685775756836e+00 -7.472236156463623047e-01 2.335020542144775391e+00 4.368790626525878906e+00
9.722270965576171875e-01 7.824016809463500977e-01 2.147471427917480469e+00 -4.132740497589111328e+00 -1.421156048774719238e+00 6.464526653289794922e-01 3.698128508403897285e-03 3.201115608215332031e+00 1.268838495016098022e-01 2.384920790791511536e-02 -3.896194696426391602e-01 -3.950448274612426758e+00 -2.157017707824707031e+00 4.872247695922851562e+00 -9.854256510734558105e-01 1.485999703407287598e+00
-5.729041695594787598e-01 1.370090961456298828e+00 -1.726550981402397156e-02 -3.571871995925903320e+00 -2.728202104568481445e+00 -3.789180278778076172e+00 -2.650309085845947266e+00 -1.465217113494873047e+00 1.099903106689453125e+00 -2.355761826038360596e-01 -1.240841865539550781e+00 8.397819846868515015e-02 2.911933064460754395e-01 -1.093173503875732422e+00 6.724548935890197754e-01 -3.387956142425537109e+00
-1.418702006340026855e+00 -5.889242172241210938e+00 -5.536724567413330078e+00 1.735842466354370117e+00 3.051410675048828125e+00 -1.121131420135498047e+00 9.533904790878295898e-01 -1.339468479156494141e+00 2.617544412612915039e+00 6.330289363861083984e+00 -1.835941910743713379e+00 -6.767292618751525879e-01 -2.698511123657226562e+00 -4.025180816650390625e+00 -1.227985739707946777e+00 -6.258423924446105957e-01
