-7.982378602027893066e-01 -1.705609709024429321e-01 -1.780556797981262207e+00 -3.473710268735885620e-02 -2.064876079559326172e+00 1.076946139335632324e+00 -1.528207302093505859e+00 2.014237403869628906e+00 -8.306590080261230469e+00 3.948516845703125000e-01 2.355527162551879883e+00 4.547328948974609375e-01 1.654020905494689941e+00 -4.610216617584228516e+00 2.986804246902465820e-01 1.379898041486740112e-01
1.000429272651672363e+00 2.522042036056518555e+00 4.085895538330078125e+00 -1.245208501815795898e+00 3.647680759429931641e+00 1.366606950759887695e+00 2.355112433433532715e-01 2.347284555435180664e+00 2.112800598144531250e+00 -3.718896806240081787e-01 -2.117925733327865601e-01 -1.398566484451293945e+00 -1.665045261383056641e+00 4.198816776275634766e+00 1.516150116920471191e+00 -8.298263549804687500e-01
-2.405151575803756714e-01 -2.231434822082519531e+00 -8.979486227035522461e-01 -5.525161743164062500e+00 3.552722692489624023e+00 -1.000549048185348511e-01 6.984295845031738281e-01 1.735395193099975586e+00 -2.348447591066360474e-01 7.498673200607299805e-01 -9.571522474288940430e-01 -1.141291975975036621e+00 -2.337883949279785156e+00 -2.273442029953002930e+00 3.333639621734619141e+00 -3.023344039916992188e+00
9.718582034111022949e-01 -1.283469676971435547e+00 6.633907318115234375e+00 6.777781248092651367e-01 -4.240167617797851562e+00 -5.753234624862670898e-01 9.743096232414245605e-01 2.250386476516723633e+00 -6.674105525016784668e-01 -3.192073822021484375e+00 1.833615422248840332e+00 4.978987872600555420e-01 -7.090991735458374023e-01 3.184219002723693848e-01 -4.433072090148925781e+00 2.425081968307495117e+00
2.944578886032104492e+00 8.992592096328735352e-01 3.940123558044433594e+00 5.397706627845764160e-01 -2.282229900360107422e+00 1.635996580123901367e+00 1.523246049880981445e+00 1.302963852882385254e+00 6.975732445716857910e-01 5.420419573783874512e-01 2.557606458663940430e+00 -9.884026646614074707e-01 2.494411170482635498e-01 8.297792673110961914e-01 2.403756380081176758e+00 4.258831441402435303e-01
-2.794878721237182617e+00 1.481094837188720703e+00 -1.495755314826965332e+00 5.912857651710510254e-01 -1.076777458190917969e+00 2.036661148071289062e+00 -1.565979838371276855e+00 -4.217217922210693359e+00 -5.273349285125732422e+00 -1.260384768247604370e-01 -6.876477003097534180e-01 -1.610371470451354980e+00 -9.802364110946655273e-01 -1.416451930999755859e+00 1.275854229927062988e+00 -2.177015781402587891e+00
9.189653992652893066e-01 1.042557954788208008e+00 2.330418348312377930e+00 -2.782901749014854431e-02 -2.999426841735839844e+00 1.611412525177001953e+00 -5.858269333839416504e-01 -1.333626061677932739e-01 -1.161280393600463867e+00 -5.146356821060180664e-01 1.031684160232543945e+00 3.747738003730773926e-01 -1.404832005500793457e+00 3.716450691223144531e+00 -3.049371719360351562e+00 -3.289203941822052002e-01
-1.700517535209655762e+00 -1.452984362840652466e-01 1.616013407707214355e+00 -2.066285371780395508e+00 -3.869695663452148438e+00 -1.503627300262451172e+00 3.548185110092163086e+00 2.017389774322509766e+00 -2.857894182205200195e+00 7.476584315299987793e-01 1.127235174179077148e+00 9.200470447540283203e-01 -5.035090446472167969e-01 -7.411165237426757812e-01 4.706405475735664368e-02 -3.169820547103881836e+00
-3.239992618560791016e+00 2.267204523086547852e+00 -5.098283886909484863e-01 9.257373213768005371e-01 -7.473595142364501953e+00 -3.534139871597290039e+00 2.646516084671020508e+00 5.007886409759521484e+00 -4.958352088928222656e+00 -2.553632855415344238e-01 -3.386062383651733398e+00 -7.721212506294250488e-01 6.194201111793518066e-01 -1.676311731338500977e+00 -4.322134494781494141e+00 -1.080750823020935059e+00
1.222360968589782715e+00 2.218696832656860352e+00 2.635482549667358398e+00 4.330032825469970703e+00 4.328418731689453125e+00 2.274437665939331055e+00 2.667861461639404297e+00 3.527440309524536133e+00 3.149703025817871094e+00 -7.192582488059997559e-01 6.706320643424987793e-01 4.316080808639526367e-01 1.597992926836013794e-01 2.059653520584106445e+00 -2.302382290363311768e-01 1.822472095489501953e+00
-1.922540545463562012e+00 -1.892033815383911133e+00 -2.740006446838378906e+00 -1.660138845443725586e+00 6.122106313705444336e-01 -2.207922697067260742e+00 1.505539298057556152e+00 -1.849824666976928711e+00 -1.386632323265075684e-01 -2.682621777057647705e-01 -2.041405200958251953e+00 4.683912694454193115e-01 -1.373707294464111328e+00 -2.599081039428710938e+00 -8.484063148498535156e-01 8.118044137954711914e-01
-2.111736983060836792e-01 3.833667039871215820e+00 -2.293710947036743164e+00 -1.576580882072448730e+00 -3.749376058578491211e+00 -1.107367277145385742e+00 -2.329997301101684570e+00 2.561656944453716278e-02 1.023923456668853760e-01 -1.313091814517974854e-01 1.714354991912841797e+00 -3.202511966228485107e-01 -1.624139308929443359e+00 6.262155771255493164e-01 -2.229885578155517578e+00 -8.163323998451232910e-01
5.573782324790954590e-01 -2.184388875961303711e+00 1.603775858879089355e+00 -1.291664838790893555e+00 -6.626744747161865234e+00 -1.939520239830017090e+00 1.954954564571380615e-01 5.933814525604248047e+00 -2.930642127990722656e+00 2.624680399894714355e-01 7.493212223052978516e-01 2.073088407516479492e+00 1.623876452445983887e+00 -1.506713390350341797e+00 3.161292314529418945e+00 8.861576080322265625e+00
4.697794616222381592e-01 1.346751570701599121e+00 2.919306457042694092e-01 -3.052035331726074219e+00 -6.033289909362792969e+00 7.585040926933288574e-01 4.155192852020263672e+00 3.773144960403442383e+00 -1.886656761169433594e+00 5.228289961814880371e-01 7.863112092018127441e-01 8.519372940063476562e-01 -2.950429618358612061e-01 3.137878179550170898e+00 -3.084687471389770508e+00 5.370896816253662109e+00
1.204416990280151367e+00 3.636898517608642578e+00 -8.078725337982177734e-01 -3.855781078338623047e+00 -3.340386867523193359e+00 -5.187303066253662109e+00 -3.468545675277709961e+00 -1.097976088523864746e+00 2.687832713127136230e-01 5.655170083045959473e-01 -1.015830278396606445e+00 2.251084566116333008e+00 -8.502157330513000488e-01 3.225738286972045898e+00 -1.717192530632019043e+00 -2.706563711166381836e+00
-6.503360271453857422e-01 -7.605593800544738770e-01 -2.397424221038818359e+00 -1.121963739395141602e+00 3.147960901260375977e+00 -1.095679476857185364e-01 -8.225698471069335938e-01 -1.831589818000793457e+00 1.442364931106567383e+00 3.710531473159790039e+00 -2.372742891311645508e+00 -2.840389013290405273e-01 2.177862167358398438e+00 -3.015094757080078125e+00 1.922224879264831543e+00 4.027770459651947021e-01
