-9.189736247062683105e-01 -7.138705253601074219e-01 -1.015137434005737305e+00 4.889422059059143066e-01 -3.473031759262084961e+00 -2.580125808715820312e+00 -4.914897978305816650e-01 -3.821384012699127197e-01 4.153546392917633057e-01 -1.955232381820678711e+00 -2.467933893203735352e-01 -4.372079670429229736e-01 -2.671126365661621094e+00 -2.616181075572967529e-01 -1.047935247421264648e+00 3.425846993923187256e-01
1.260127186775207520e+00 2.122009098529815674e-01 -2.683624327182769775e-01 1.339481025934219360e-01 -2.819059133529663086e+00 -2.611658871173858643e-01 3.443534076213836670e-01 -2.140192687511444092e-01 8.971953392028808594e-02 -5.742095708847045898e-01 -1.641398549079895020e+00 -2.711575269699096680e+00 -8.662935495376586914e-01 -1.410824894905090332e+00 -7.330080866813659668e-01 3.412511050701141357e-01
2.327102571725845337e-01 -1.048483327031135559e-01 3.706216216087341309e-01 -8.728259801864624023e-01 1.622038006782531738e+00 6.141763925552368164e-01 3.469007462263107300e-02 1.082685470581054688e+00 -6.601884365081787109e-01 1.846265554428100586e+00 6.996824145317077637e-01 5.159850120544433594e-01 1.400705218315124512e+00 2.456788867712020874e-01 -3.763706386089324951e-01 5.595299005508422852e-01
7.607625722885131836e-01 -4.561316072940826416e-01 -5.278784632682800293e-01 -7.306869626045227051e-01 2.374974012374877930e+00 3.015212774276733398e+00 7.724530100822448730e-01 1.209219574928283691e+00 2.298850268125534058e-01 4.308674037456512451e-01 1.367614030838012695e+00 3.845390081405639648e+00 9.995845556259155273e-01 4.028171539306640625e+00 1.403458714485168457e+00 4.616213142871856689e-01
-2.799359261989593506e-01 5.000648498535156250e-01 -2.518744707107543945e+00 7.492734193801879883e-01 -4.412012100219726562e-01 -2.068645238876342773e+00 7.506516575813293457e-02 -1.439847826957702637e+00 -5.308644771575927734e-01 -2.168684005737304688e+00 -1.651156306266784668e+00 -2.571192264556884766e+00 -2.630053997039794922e+00 -1.831240057945251465e+00 -6.257745623588562012e-01 -5.832991003990173340e-01
-2.201195716857910156e+00 -1.569897651672363281e+00 9.753425717353820801e-01 -2.041321098804473877e-01 1.650578618049621582e+00 -1.154508829116821289e+00 -1.350657582283020020e+00 -2.115383625030517578e+00 1.215402722358703613e+00 6.720059514045715332e-01 -1.136554479598999023e+00 -1.005414575338363647e-01 -4.053412005305290222e-02 -3.990235030651092529e-01 2.169282585382461548e-01 -1.912118643522262573e-01
7.166475057601928711e-01 1.781720221042633057e-01 -2.998992681503295898e+00 1.194920420646667480e+00 2.730156898498535156e+00 2.921689033508300781e+00 1.236552238464355469e+00 5.677542090415954590e-01 9.202451109886169434e-01 7.324815988540649414e-01 7.273203730583190918e-01 3.050430536270141602e+00 -1.263196587562561035e+00 2.868933200836181641e+00 2.355485200881958008e+00 3.091664612293243408e-01
1.054917335510253906e+00 -2.874092817306518555e+00 -1.177693605422973633e+00 -3.378433942794799805e+00 -5.052538514137268066e-01 -1.634508013725280762e+00 -1.374202221632003784e-01 -7.912931442260742188e-01 -8.007341027259826660e-01 2.197564363479614258e+00 1.950257122516632080e-01 2.377132177352905273e+00 -2.577470242977142334e-01 -2.247605323791503906e+00 3.869400262832641602e+00 -2.256197690963745117e+00
-8.938905596733093262e-01 -1.707708388566970825e-01 1.490144580602645874e-01 -4.215582311153411865e-01 -1.563315510749816895e+00 -2.112090110778808594e+00 -1.205513328313827515e-01 -5.235027670860290527e-01 -7.548379898071289062e-01 -4.128061532974243164e-01 2.549497187137603760e-01 -3.874886274337768555e+00 -2.012362718582153320e+00 -1.851756453514099121e+00 -1.368096470832824707e+00 -8.681489229202270508e-01
1.596356987953186035e+00 2.718738019466400146e-01 -4.734436273574829102e-01 1.248740553855895996e+00 1.429283857345581055e+00 3.745909452438354492e+00 3.077386915683746338e-01 1.139746665954589844e+00 6.100975275039672852e-01 1.215139031410217285e+00 1.578287601470947266e+00 5.000995159149169922e+00 7.578095793724060059e-01 1.039858102798461914e+00 1.853170752525329590e+00 2.050776243209838867e+00
-1.370148897171020508e+00 -1.513373732566833496e+00 5.298737883567810059e-01 -1.592586994171142578e+00 1.198961734771728516e+00 -2.086939334869384766e+00 2.754505276679992676e-01 1.110293269157409668e-01 -2.283632457256317139e-01 2.723435163497924805e-01 -1.763246655464172363e+00 -1.268821239471435547e+00 -6.387248039245605469e-01 -1.204006552696228027e+00 1.328432679176330566e+00 -2.010762244462966919e-01
1.267668306827545166e-01 -1.141747236251831055e+00 7.865858674049377441e-01 -1.155658960342407227e+00 5.211383700370788574e-01 -2.172126322984695435e-01 1.402874439954757690e-01 -7.646704465150833130e-02 3.843927383422851562e-01 8.766102194786071777e-01 5.086410045623779297e-01 4.031411170959472656e+00 2.369229555130004883e+00 1.352958679199218750e+00 1.738004684448242188e+00 5.721646547317504883e-01
1.765568494796752930e+00 5.136045813560485840e-01 -6.507831811904907227e-01 -8.621200323104858398e-01 -2.046616822481155396e-01 -2.982197284698486328e+00 1.360088825225830078e+00 6.901698112487792969e-01 -1.108301043510437012e+00 3.713361546397209167e-02 4.047482833266258240e-02 -2.316346406936645508e+00 -9.540306925773620605e-01 -2.102402925491333008e+00 1.395043879747390747e-01 -9.292308688163757324e-01
3.709799051284790039e-01 9.220150113105773926e-02 1.756947636604309082e+00 -1.867536902427673340e+00 8.471073508262634277e-01 2.401971668004989624e-01 -8.752977848052978516e-02 1.405161499977111816e+00 -3.630638867616653442e-02 9.577443003654479980e-01 6.004999279975891113e-01 7.099234461784362793e-01 8.779104351997375488e-01 3.660347700119018555e+00 -3.809623718261718750e-01 1.946077495813369751e-01
-4.580586552619934082e-01 9.592921733856201172e-01 -1.027638673782348633e+00 -1.183196187019348145e+00 1.244882583618164062e+00 9.086118936538696289e-01 -2.650242447853088379e-01 2.866558134555816650e-01 4.999957084655761719e-01 -1.072586059570312500e+00 -1.534216165542602539e+00 1.252729177474975586e+00 1.027566567063331604e-01 1.788359403610229492e+00 6.781199574470520020e-01 -7.831001877784729004e-01
-7.199986279010772705e-02 1.232685327529907227e+00 -3.898414075374603271e-01 1.577571868896484375e+00 2.608650445938110352e+00 1.062579035758972168e+00 5.546626448631286621e-01 1.316240310668945312e+00 1.641214728355407715e+00 3.568178415298461914e-01 6.574215888977050781e-01 3.435864746570587158e-01 9.254337549209594727e-01 -3.992611914873123169e-02 -1.383404135704040527e+00 1.579222202301025391e+00
