1.504772782325744629e+00 1.089268445968627930e+00 1.717465758323669434e+00 8.227658867835998535e-01 2.004414796829223633e+00 1.336001455783843994e-01 7.181084752082824707e-01 8.290313482284545898e-01 -9.816370904445648193e-02 1.191947579383850098e+00 6.663368940353393555e-01 4.572174251079559326e-01 -2.452963143587112427e-01 1.633650660514831543e+00 -2.321616411209106445e+00 -7.385546565055847168e-01
1.086939930915832520e+00 1.410623788833618164e+00 2.913085937500000000e+00 2.602000713348388672e+00 5.870213508605957031e-01 -1.088710427284240723e+00 2.349820137023925781e+00 9.711363911628723145e-01 7.628428936004638672e-01 -1.583551526069641113e+00 -3.163024783134460449e-01 3.256722927093505859e+00 -8.428159356117248535e-01 6.295906901359558105e-01 2.216432094573974609e+00 4.735965132713317871e-01
2.682746410369873047e+00 -9.419621229171752930e-01 -1.164149403572082520e+00 -1.573479652404785156e+00 2.493671655654907227e+00 2.182862758636474609e+00 -6.457138657569885254e-01 -8.604055643081665039e-01 1.739023685455322266e+00 2.118437290191650391e+00 2.753527164459228516e-01 -1.430358290672302246e+00 3.878364264965057373e-01 7.106497287750244141e-01 1.667704820632934570e+00 -1.553972810506820679e-01
-1.337178945541381836e-01 1.272649616003036499e-01 2.681770026683807373e-01 3.328913450241088867e-01 1.321140974760055542e-01 -1.836861729621887207e+00 2.123669862747192383e+00 -1.035729646682739258e+00 1.397067904472351074e+00 1.976937204599380493e-01 -1.318362206220626831e-01 1.907456636428833008e+00 -6.651926636695861816e-01 -2.222486287355422974e-01 1.106268882751464844e+00 -1.246748447418212891e+00
5.870786961168050766e-03 -1.081194639205932617e+00 -6.615670323371887207e-01 2.899446487426757812e-01 -7.760369777679443359e-01 3.158662319183349609e+00 -2.190452814102172852e+00 -8.584747910499572754e-01 2.746775150299072266e-01 1.541482210159301758e+00 1.214265916496515274e-02 -2.230564117431640625e+00 -1.323007106781005859e+00 2.533064365386962891e+00 -1.732297658920288086e+00 -8.945011347532272339e-02
1.969092011451721191e+00 1.661450862884521484e+00 1.970509648323059082e+00 1.366699099540710449e+00 1.386881351470947266e+00 -4.919036030769348145e-01 3.816588401794433594e+00 -1.634099364280700684e+00 7.522031664848327637e-02 -3.416685342788696289e+00 -6.596332788467407227e-01 3.525556564331054688e+00 1.614104032516479492e+00 -1.618248969316482544e-01 -1.293950319290161133e+00 2.117161601781845093e-01
3.089048624038696289e+00 9.853690862655639648e-01 -1.054344534873962402e+00 -5.346813797950744629e-01 -1.382205247879028320e+00 2.738616466522216797e+00 3.182751312851905823e-02 -1.465187072753906250e+00 -8.110808730125427246e-01 -3.344349861145019531e+00 1.192781567573547363e+00 7.440906167030334473e-01 7.837870717048645020e-01 9.572133421897888184e-01 -8.798261284828186035e-01 1.155900716781616211e+00
-1.713408827781677246e-01 6.971789598464965820e-01 9.103172421455383301e-01 -2.231832504272460938e+00 -6.774042248725891113e-01 1.065195083618164062e+00 -1.000736713409423828e+00 -9.092189669609069824e-01 -1.269770383834838867e+00 2.830327302217483521e-02 8.041583895683288574e-01 -1.088243797421455383e-01 3.006448447704315186e-01 2.056665182113647461e+00 -4.195661842823028564e-01 -3.802660405635833740e-01
8.400409817695617676e-01 3.229751586914062500e+00 1.747238278388977051e+00 3.249723672866821289e+00 4.368054270744323730e-01 4.991017341613769531e+00 -1.319970965385437012e+00 1.478120923042297363e+00 -1.421789646148681641e+00 -1.847229838371276855e+00 2.575164079666137695e+00 -1.065500020980834961e+00 2.565821647644042969e+00 -9.124807715415954590e-01 3.041718482971191406e+00 1.943255901336669922e+00
1.738468050956726074e+00 3.633180260658264160e-01 9.068122506141662598e-01 7.659861445426940918e-02 9.947279095649719238e-01 2.108749151229858398e+00 1.047244191169738770e+00 8.876898288726806641e-01 -3.529484748840332031e+00 -7.977461218833923340e-01 -4.606001973152160645e-01 1.941454648971557617e+00 -3.013902343809604645e-02 2.847853899002075195e-01 -1.044768095016479492e+00 2.716493844985961914e+00
-5.528705120086669922e-01 -2.159309864044189453e+00 7.469562888145446777e-01 -4.018599987030029297e+00 -7.451785802841186523e-01 -3.181413710117340088e-01 7.828586697578430176e-01 1.107498645782470703e+00 -6.268610954284667969e-01 -9.175066947937011719e-01 -8.433619737625122070e-01 -7.665171623229980469e-01 1.099731326103210449e+00 1.172045826911926270e+00 -1.659803509712219238e+00 2.230760335922241211e+00
1.566392034292221069e-01 2.975902318954467773e+00 1.992825984954833984e+00 1.343708634376525879e+00 -2.482702881097793579e-01 -1.822359681129455566e+00 6.281143426895141602e-01 1.671229124069213867e+00 -1.580854803323745728e-01 6.633509397506713867e-01 8.148328661918640137e-01 1.138863921165466309e+00 1.550089597702026367e+00 7.007360458374023438e-01 -1.949942588806152344e+00 -2.338316440582275391e+00
-2.238497257232666016e+00 1.887630224227905273e+00 2.947912216186523438e+00 -1.313879191875457764e-01 -2.429084062576293945e+00 -2.026731729507446289e+00 -7.160435318946838379e-01 3.077923774719238281e+00 -9.330418109893798828e-01 9.479568153619766235e-02 6.182852983474731445e-01 -1.947115540504455566e+00 -3.472876310348510742e+00 -1.225468814373016357e-01 -2.636844635009765625e+00 -2.918444156646728516e+00
1.602738380432128906e+00 3.216892957687377930e+00 -6.884740591049194336e-01 7.504601478576660156e-01 -9.426640272140502930e-01 1.278535008430480957e+00 -1.649831771850585938e+00 -1.340636253356933594e+00 -6.706514358520507812e-01 8.289637565612792969e-01 -9.841874241828918457e-01 -1.362625241279602051e+00 -2.851547718048095703e+00 8.024013042449951172e-01 2.011071920394897461e+00 -3.574698567390441895e-01
-2.912442684173583984e-01 5.558454990386962891e-01 1.336240410804748535e+00 1.566688060760498047e+00 -9.260014891624450684e-01 2.275392115116119385e-01 1.456265221349895000e-03 1.792528033256530762e+00 9.026910662651062012e-01 2.003244876861572266e+00 9.172820448875427246e-01 -5.967122316360473633e-01 7.421054244041442871e-01 3.402614966034889221e-02 -1.013887763023376465e+00 5.413723364472389221e-02
6.264863014221191406e-01 -1.982325315475463867e+00 -3.577413558959960938e+00 -3.069909334182739258e+00 -3.422217369079589844e-01 7.254035472869873047e-01 -4.446306705474853516e+00 3.018880605697631836e+00 6.959442049264907837e-02 2.890888214111328125e+00 1.931676268577575684e+00 -3.043951749801635742e+00 -1.796086549758911133e+00 4.330233484506607056e-02 -1.559689044952392578e-01 -2.652176618576049805e-01
