7.971674919128417969e+00 -7.009196281433105469e-01 2.819578886032104492e+00
9.582155227661132812e+00 2.617336511611938477e+00 -2.596191167831420898e+00
-8.661317825317382812e+00 -1.459448784589767456e-01 1.950268387794494629e+00
-4.098063945770263672e+00 2.532030344009399414e-01 -4.371645450592041016e+00
8.743955612182617188e+00 1.320355653762817383e+00 7.993779778480529785e-01
-1.125594258308410645e+00 2.348953962326049805e+00 -1.866759777069091797e+00
-2.179569721221923828e+00 2.337027311325073242e+00 -7.788198471069335938e+00
9.635308265686035156e+00 1.408540844917297363e+00 -3.609863281250000000e+00
2.265469312667846680e+00 -2.631365656852722168e-01 1.584598660469055176e+00
3.210592985153198242e+00 -2.679379940032958984e+00 -7.915378570556640625e+00
-4.917124509811401367e-01 2.016636133193969727e-01 -5.144051909446716309e-01
-5.969331741333007812e+00 -3.179617404937744141e+00 -1.635774016380310059e+00
-2.934489965438842773e+00 -1.103089526295661926e-01 4.612131118774414062e+00
4.999693870544433594e+00 -6.518167853355407715e-01 2.474911451339721680e+00
3.287397623062133789e+00 4.908799648284912109e+00 6.268617510795593262e-01
-8.737826347351074219e+00 -1.898391723632812500e+00 -2.413972020149230957e-01
